Tiempo ,CONTROL,PID,ANGULO,REFERENC,PERTURBA
-0.02,0,0,0,0,0
0,0.028,0.028,-0.086,0,0
0.02,0.029,0.029,-0.086,0,0
0.04,0.029,0.029,-0.086,0,0
0.06,0.029,0.029,-0.086,0,0
0.08,0.03,0.03,-0.086,0,0
0.1,0.03,0.03,-0.086,0,0
0.12,0.03,0.03,-0.086,0,0
0.14,0.031,0.031,-0.086,0,0
0.16,0.031,0.031,-0.086,0,0
0.18,0.031,0.031,-0.086,0,0
0.2,0.032,0.032,-0.086,0,0
0.22,0.032,0.032,-0.086,0,0
0.24,0.032,0.032,-0.086,0,0
0.26,0.033,0.033,-0.086,0,0
0.28,0.033,0.033,-0.086,0,0
0.3,0.033,0.033,-0.086,0,0
0.32,0.034,0.034,-0.086,0,0
0.34,0.034,0.034,-0.086,0,0
0.36,0.034,0.034,-0.086,0,0
0.38,0.035,0.035,-0.086,0,0
0.4,0.035,0.035,-0.086,0,0
0.42,0.035,0.035,-0.086,0,0
0.44,0.036,0.036,-0.086,0,0
0.46,0.036,0.036,-0.086,0,0
0.48,0.037,0.037,-0.086,0,0
0.5,0.037,0.037,-0.086,0,0
0.52,0.037,0.037,-0.086,0,0
0.54,0.038,0.038,-0.086,0,0
0.56,0.038,0.038,-0.086,0,0
0.58,0.038,0.038,-0.086,0,0
0.6,0.039,0.039,-0.086,0,0
0.62,0.039,0.039,-0.086,0,0
0.64,0.039,0.039,-0.086,0,0
0.66,0.04,0.04,-0.086,0,0
0.68,0.04,0.04,-0.086,0,0
0.7,0.04,0.04,-0.086,0,0
0.72,0.041,0.041,-0.086,0,0
0.74,0.041,0.041,-0.086,0,0
0.76,0.041,0.041,-0.086,0,0
0.78,0.042,0.042,-0.086,0,0
0.8,0.042,0.042,-0.086,0,0
0.82,0.042,0.042,-0.086,0,0
0.84,0.043,0.043,-0.086,0,0
0.86,0.043,0.043,-0.086,0,0
0.88,0.043,0.043,-0.086,0,0
0.9,0.044,0.044,-0.086,0,0
0.92,0.044,0.044,-0.086,0,0
0.94,0.044,0.044,-0.086,0,0
0.96,0.045,0.045,-0.086,0,0
0.98,0.045,0.045,-0.086,0,0
1,0.045,0.045,-0.086,0,0
1.02,0.046,0.046,-0.086,0,0
1.04,0.046,0.046,-0.086,0,0
1.06,0.046,0.046,-0.086,0,0
1.08,0.047,0.047,-0.086,0,0
1.1,0.047,0.047,-0.086,0,0
1.12,0.047,0.047,-0.086,0,0
1.14,0.048,0.048,-0.086,0,0
1.16,0.048,0.048,-0.086,0,0
1.18,0.049,0.049,-0.086,0,0
1.2,0.049,0.049,-0.086,0,0
1.22,0.049,0.049,-0.086,0,0
1.24,0.05,0.05,-0.086,0,0
1.26,0.05,0.05,-0.086,0,0
1.28,0.05,0.05,-0.086,0,0
1.3,0.051,0.051,-0.086,0,0
1.32,0.051,0.051,-0.086,0,0
1.34,0.051,0.051,-0.086,0,0
1.36,0.052,0.052,-0.086,0,0
1.38,0.052,0.052,-0.086,0,0
1.4,0.052,0.052,-0.086,0,0
1.42,0.053,0.053,-0.086,0,0
1.44,0.053,0.053,-0.086,0,0
1.46,0.053,0.053,-0.086,0,0
1.48,0.054,0.054,-0.086,0,0
1.5,0.054,0.054,-0.086,0,0
1.52,0.054,0.054,-0.086,0,0
1.54,0.055,0.055,-0.086,0,0
1.56,0.055,0.055,-0.086,0,0
1.58,0.055,0.055,-0.086,0,0
1.6,0.056,0.056,-0.086,0,0
1.62,0.056,0.056,-0.086,0,0
1.64,0.056,0.056,-0.086,0,0
1.66,0.057,0.057,-0.086,0,0
1.68,0.057,0.057,-0.086,0,0
1.7,0.057,0.057,-0.086,0,0
1.72,0.058,0.058,-0.086,0,0
1.74,0.058,0.058,-0.086,0,0
1.76,0.058,0.058,-0.086,0,0
1.78,0.059,0.059,-0.086,0,0
1.8,0.059,0.059,-0.086,0,0
1.82,0.059,0.059,-0.086,0,0
1.84,0.06,0.06,-0.086,0,0
1.86,0.06,0.06,-0.086,0,0
1.88,0.06,0.06,-0.086,0,0
1.9,0.061,0.061,-0.086,0,0
1.92,0.061,0.061,-0.086,0,0
1.94,0.062,0.062,-0.086,0,0
1.96,0.062,0.062,-0.086,0,0
1.98,0.062,0.062,-0.086,0,0
2,0.063,0.063,-0.086,0,0
2.02,0.063,0.063,-0.086,0,0
2.04,0.063,0.063,-0.086,0,0
2.06,0.064,0.064,-0.086,0,0
2.08,0.064,0.064,-0.086,0,0
2.1,0.064,0.064,-0.086,0,0
2.12,0.065,0.065,-0.086,0,0
2.14,0.065,0.065,-0.086,0,0
2.16,0.065,0.065,-0.086,0,0
2.18,0.066,0.066,-0.086,0,0
2.2,0.066,0.066,-0.086,0,0
2.22,0.066,0.066,-0.086,0,0
2.24,0.067,0.067,-0.086,0,0
2.26,0.066,0.066,-0.084,0,0
2.28,0.066,0.066,-0.084,0,0
2.3,0.067,0.067,-0.084,0,0
2.32,0.067,0.067,-0.084,0,0
2.34,0.067,0.067,-0.084,0,0
2.36,0.068,0.068,-0.084,0,0
2.38,0.068,0.068,-0.084,0,0
2.4,0.068,0.068,-0.084,0,0
2.42,0.07,0.07,-0.086,0,0
2.44,0.07,0.07,-0.086,0,0
2.46,0.07,0.07,-0.086,0,0
2.48,0.071,0.071,-0.086,0,0
2.5,0.071,0.071,-0.086,0,0
2.52,0.071,0.071,-0.086,0,0
2.54,0.072,0.072,-0.086,0,0
2.56,0.072,0.072,-0.086,0,0
2.58,0.072,0.072,-0.086,0,0
2.6,0.073,0.073,-0.086,0,0
2.62,0.073,0.073,-0.086,0,0
2.64,0.073,0.073,-0.086,0,0
2.66,0.074,0.074,-0.086,0,0
2.68,0.074,0.074,-0.086,0,0
2.7,0.075,0.075,-0.086,0,0
2.72,0.075,0.075,-0.086,0,0
2.74,0.076,0.076,-0.088,0,0
2.76,0.077,0.077,-0.088,0,0
2.78,0.077,0.077,-0.088,0,0
2.8,0.076,0.076,-0.086,0,0
2.82,0.077,0.077,-0.086,0,0
2.84,0.077,0.077,-0.086,0,0
2.86,0.077,0.077,-0.086,0,0
2.88,0.078,0.078,-0.086,0,0
2.9,0.078,0.078,-0.086,0,0
2.92,0.078,0.078,-0.086,0,0
2.94,0.079,0.079,-0.086,0,0
2.96,0.079,0.079,-0.086,0,0
2.98,0.079,0.079,-0.086,0,0
3,0.08,0.08,-0.086,0,0
3.02,0.08,0.08,-0.086,0,0
3.04,0.08,0.08,-0.086,0,0
3.06,0.081,0.081,-0.086,0,0
3.08,0.081,0.081,-0.086,0,0
3.1,0.081,0.081,-0.086,0,0
3.12,0.082,0.082,-0.086,0,0
3.14,0.082,0.082,-0.086,0,0
3.16,0.082,0.082,-0.086,0,0
3.18,0.083,0.083,-0.086,0,0
3.2,0.083,0.083,-0.086,0,0
3.22,0.083,0.083,-0.086,0,0
3.24,0.084,0.084,-0.086,0,0
3.26,0.084,0.084,-0.086,0,0
3.28,0.084,0.084,-0.086,0,0
3.3,0.085,0.085,-0.086,0,0
3.32,0.085,0.085,-0.086,0,0
3.34,0.085,0.085,-0.086,0,0
3.36,0.086,0.086,-0.086,0,0
3.38,0.086,0.086,-0.086,0,0
3.4,0.086,0.086,-0.086,0,0
3.42,0.087,0.087,-0.086,0,0
3.44,0.087,0.087,-0.086,0,0
3.46,0.088,0.088,-0.086,0,0
3.48,0.088,0.088,-0.086,0,0
3.5,0.088,0.088,-0.086,0,0
3.52,0.089,0.089,-0.086,0,0
3.54,0.089,0.089,-0.086,0,0
3.56,0.09,0.09,-0.088,0,0
3.58,0.091,0.091,-0.088,0,0
3.6,0.091,0.091,-0.088,0,0
3.62,0.091,0.091,-0.088,0,0
3.64,0.092,0.092,-0.088,0,0
3.66,0.091,0.091,-0.086,0,0
3.68,0.091,0.091,-0.086,0,0
3.7,0.092,0.092,-0.086,0,0
3.72,0.092,0.092,-0.086,0,0
3.74,0.091,0.091,-0.084,0,0
3.76,0.092,0.092,-0.084,0,0
3.78,0.091,0.091,-0.083,0,0
3.8,0.091,0.091,-0.083,0,0
3.82,0.09,0.09,-0.081,0,0
3.84,0.091,0.091,-0.081,0,0
3.86,0.09,0.09,-0.079,0,0
3.88,0.09,0.09,-0.079,0,0
3.9,0.09,0.09,-0.079,0,0
3.92,0.09,0.09,-0.077,0,0
3.94,0.09,0.09,-0.077,0,0
3.96,0.09,0.09,-0.077,0,0
3.98,0.091,0.091,-0.077,0,0
4,0.091,0.091,-0.077,0,0
4.02,0.091,0.091,-0.077,0,0
4.04,0.091,0.091,-0.076,0,0
4.06,0.091,0.091,-0.076,0,0
4.08,0.091,0.091,-0.076,0,0
4.1,0.09,0.09,-0.074,0,0
4.12,0.091,0.091,-0.074,0,0
4.14,0.091,0.091,-0.074,0,0
4.16,0.09,0.09,-0.072,0,0
4.18,0.091,0.091,-0.072,0,0
4.2,0.09,0.09,-0.07,0,0
4.22,0.09,0.09,-0.07,0,0
4.24,0.089,0.089,-0.069,0,0
4.26,0.09,0.09,-0.069,0,0
4.28,0.089,0.089,-0.067,0,0
4.3,0.089,0.089,-0.067,0,0
4.32,0.088,0.088,-0.065,0,0
4.34,0.089,0.089,-0.065,0,0
4.36,0.088,0.088,-0.063,0,0
4.38,0.088,0.088,-0.063,0,0
4.4,0.087,0.087,-0.062,0,0
4.42,0.088,0.088,-0.062,0,0
4.44,0.087,0.087,-0.06,0,0
4.46,0.087,0.087,-0.06,0,0
4.48,0.088,0.088,-0.06,0,0
4.5,0.087,0.087,-0.058,0,0
4.52,0.087,0.087,-0.058,0,0
4.54,0.087,0.087,-0.058,0,0
4.56,0.088,0.088,-0.058,0,0
4.58,0.087,0.087,-0.056,0,0
4.6,0.087,0.087,-0.056,0,0
4.62,0.087,0.087,-0.056,0,0
4.64,0.088,0.088,-0.056,0,0
4.66,0.088,0.088,-0.056,0,0
4.68,0.088,0.088,-0.056,0,0
4.7,0.09,0.09,-0.058,0,0
4.72,0.09,0.09,-0.058,0,0
4.74,0.09,0.09,-0.058,0,0
4.76,0.091,0.091,-0.058,0,0
4.78,0.092,0.092,-0.06,0,0
4.8,0.093,0.093,-0.06,0,0
4.82,0.093,0.093,-0.06,0,0
4.84,0.093,0.093,-0.06,0,0
4.86,0.095,0.095,-0.062,0,0
4.88,0.095,0.095,-0.062,0,0
4.9,0.095,0.095,-0.062,0,0
4.92,0.097,0.097,-0.063,0,0
4.94,0.097,0.097,-0.063,0,0
4.96,0.098,0.098,-0.065,0,0
4.98,0.099,0.099,-0.065,0,0
5,0.1,0.1,-0.067,0,0
5.02,0.1,0.1,-0.067,0,0
5.04,0.101,0.101,-0.067,0,0
5.06,0.102,0.102,-0.069,0,0
5.08,0.102,0.102,-0.069,0,0
5.1,0.103,0.103,-0.069,0,0
5.12,0.104,0.104,-0.07,0,0
5.14,0.105,0.105,-0.07,0,0
5.16,0.105,0.105,-0.07,0,0
5.18,0.105,0.105,-0.07,0,0
5.2,0.107,0.107,-0.072,0,0
5.22,0.107,0.107,-0.072,0,0
5.24,0.107,0.107,-0.072,0,0
5.26,0.107,0.107,-0.072,0,0
5.28,0.108,0.108,-0.072,0,0
5.3,0.108,0.108,-0.072,0,0
5.32,0.108,0.108,-0.072,0,0
5.34,0.109,0.109,-0.072,0,0
5.36,0.109,0.109,-0.072,0,0
5.38,0.109,0.109,-0.072,0,0
5.4,0.108,0.108,-0.07,0,0
5.42,0.109,0.109,-0.07,0,0
5.44,0.109,0.109,-0.07,0,0
5.46,0.109,0.109,-0.07,0,0
5.48,0.108,0.108,-0.069,0,0
5.5,0.109,0.109,-0.069,0,0
5.52,0.109,0.109,-0.069,0,0
5.54,0.109,0.109,-0.069,0,0
5.56,0.108,0.108,-0.067,0,0
5.58,0.109,0.109,-0.067,0,0
5.6,0.109,0.109,-0.067,0,0
5.62,0.109,0.109,-0.067,0,0
5.64,0.108,0.108,-0.065,0,0
5.66,0.109,0.109,-0.065,0,0
5.68,0.109,0.109,-0.065,0,0
5.7,0.108,0.108,-0.063,0,0
5.72,0.108,0.108,-0.063,0,0
5.74,0.109,0.109,-0.063,0,0
5.76,0.109,0.109,-0.063,0,0
5.78,0.108,0.108,-0.062,0,0
5.8,0.108,0.108,-0.062,0,0
5.82,0.109,0.109,-0.062,0,0
5.84,0.109,0.109,-0.062,0,0
5.86,0.109,0.109,-0.062,0,0
5.88,0.11,0.11,-0.062,0,0
5.9,0.11,0.11,-0.062,0,0
5.92,0.11,0.11,-0.062,0,0
5.94,0.111,0.111,-0.062,0,0
5.96,0.111,0.111,-0.062,0,0
5.98,0.111,0.111,-0.062,0,0
6,0.111,0.111,-0.062,0,0
6.02,0.113,0.113,-0.063,0,0
6.04,0.113,0.113,-0.063,0,0
6.06,0.113,0.113,-0.063,0,0
6.08,0.114,0.114,-0.063,0,0
6.1,0.114,0.114,-0.063,0,0
6.12,0.114,0.114,-0.063,0,0
6.14,0.114,0.114,-0.063,0,0
6.16,0.115,0.115,-0.063,0,0
6.18,0.115,0.115,-0.063,0,0
6.2,0.115,0.115,-0.063,0,0
6.22,0.116,0.116,-0.063,0,0
6.24,0.116,0.116,-0.063,0,0
6.26,0.115,0.115,-0.062,0,0
6.28,0.115,0.115,-0.062,0,0
6.3,0.114,0.114,-0.06,0,0
6.32,0.115,0.115,-0.06,0,0
6.34,0.114,0.114,-0.058,0,0
6.36,0.114,0.114,-0.058,0,0
6.38,0.113,0.113,-0.056,0,0
6.4,0.112,0.112,-0.055,0,0
6.42,0.113,0.113,-0.055,0,0
6.44,0.112,0.112,-0.053,0,0
6.46,0.111,0.111,-0.051,0,0
6.48,0.111,0.111,-0.051,0,0
6.5,0.11,0.11,-0.049,0,0
6.52,0.111,0.111,-0.049,0,0
6.54,0.111,0.111,-0.049,0,0
6.56,0.111,0.111,-0.049,0,0
6.58,0.11,0.11,-0.048,0,0
6.6,0.11,0.11,-0.048,0,0
6.62,0.111,0.111,-0.048,0,0
6.64,0.112,0.112,-0.049,0,0
6.66,0.112,0.112,-0.049,0,0
6.68,0.113,0.113,-0.049,0,0
6.7,0.113,0.113,-0.049,0,0
6.72,0.114,0.114,-0.051,0,0
6.74,0.115,0.115,-0.051,0,0
6.76,0.115,0.115,-0.051,0,0
6.78,0.116,0.116,-0.053,0,0
6.8,0.117,0.117,-0.053,0,0
6.82,0.117,0.117,-0.053,0,0
6.84,0.118,0.118,-0.055,0,0
6.86,0.118,0.118,-0.055,0,0
6.88,0.119,0.119,-0.055,0,0
6.9,0.12,0.12,-0.056,0,0
6.92,0.12,0.12,-0.056,0,0
6.94,0.121,0.121,-0.056,0,0
6.96,0.121,0.121,-0.056,0,0
6.98,0.121,0.121,-0.056,0,0
7,0.121,0.121,-0.056,0,0
7.02,0.122,0.122,-0.056,0,0
7.04,0.122,0.122,-0.056,0,0
7.06,0.122,0.122,-0.056,0,0
7.08,0.122,0.122,-0.056,0,0
7.1,0.123,0.123,-0.056,0,0
7.12,0.123,0.123,-0.056,0,0
7.14,0.123,0.123,-0.056,0,0
7.16,0.123,0.123,-0.056,0,0
7.18,0.123,0.123,-0.055,0,0
7.2,0.123,0.123,-0.055,0,0
7.22,0.123,0.123,-0.055,0,0
7.24,0.123,0.123,-0.055,0,0
7.26,0.124,0.124,-0.055,0,0
7.28,0.124,0.124,-0.055,0,0
7.3,0.123,0.123,-0.053,0,0
7.32,0.123,0.123,-0.053,0,0
7.34,0.123,0.123,-0.053,0,0
7.36,0.124,0.124,-0.053,0,0
7.38,0.124,0.124,-0.053,0,0
7.4,0.123,0.123,-0.051,0,0
7.42,0.123,0.123,-0.051,0,0
7.44,0.123,0.123,-0.051,0,0
7.46,0.124,0.124,-0.051,0,0
7.48,0.123,0.123,-0.049,0,0
7.5,0.123,0.123,-0.049,0,0
7.52,0.123,0.123,-0.049,0,0
7.54,0.124,0.124,-0.049,0,0
7.56,0.124,0.124,-0.049,0,0
7.58,0.123,0.123,-0.048,0,0
7.6,0.123,0.123,-0.048,0,0
7.62,0.123,0.123,-0.048,0,0
7.64,0.124,0.124,-0.048,0,0
7.66,0.124,0.124,-0.048,0,0
7.68,0.124,0.124,-0.048,0,0
7.7,0.124,0.124,-0.048,0,0
7.72,0.125,0.125,-0.048,0,0
7.74,0.125,0.125,-0.048,0,0
7.76,0.125,0.125,-0.048,0,0
7.78,0.125,0.125,-0.048,0,0
7.8,0.126,0.126,-0.048,0,0
7.82,0.126,0.126,-0.048,0,0
7.84,0.126,0.126,-0.048,0,0
7.86,0.126,0.126,-0.048,0,0
7.88,0.128,0.128,-0.049,0,0
7.9,0.128,0.128,-0.049,0,0
7.92,0.128,0.128,-0.049,0,0
7.94,0.128,0.128,-0.049,0,0
7.96,0.129,0.129,-0.049,0,0
7.98,0.13,0.13,-0.051,0,0
8,0.13,0.13,-0.051,0,0
8.02,0.13,0.13,-0.051,0,0
8.04,0.131,0.131,-0.051,0,0
8.06,0.132,0.132,-0.053,0,0
8.08,0.132,0.132,-0.053,0,0
8.1,0.132,0.132,-0.053,0,0
8.12,0.133,0.133,-0.053,0,0
8.14,0.133,0.133,-0.053,0,0
8.16,0.134,0.134,-0.055,0,0
8.18,0.135,0.135,-0.055,0,0
8.2,0.135,0.135,-0.055,0,0
8.22,0.135,0.135,-0.055,0,0
8.24,0.135,0.135,-0.055,0,0
8.26,0.135,0.135,-0.055,0,0
8.28,0.136,0.136,-0.055,0,0
8.3,0.135,0.135,-0.053,0,0
8.32,0.135,0.135,-0.053,0,0
8.34,0.135,0.135,-0.053,0,0
8.36,0.135,0.135,-0.053,0,0
8.38,0.136,0.136,-0.053,0,0
8.4,0.136,0.136,-0.053,0,0
8.42,0.135,0.135,-0.051,0,0
8.44,0.135,0.135,-0.051,0,0
8.46,0.135,0.135,-0.051,0,0
8.48,0.136,0.136,-0.051,0,0
8.5,0.135,0.135,-0.049,0,0
8.52,0.135,0.135,-0.049,0,0
8.54,0.135,0.135,-0.049,0,0
8.56,0.135,0.135,-0.049,0,0
8.58,0.136,0.136,-0.049,0,0
8.6,0.136,0.136,-0.049,0,0
8.62,0.135,0.135,-0.048,0,0
8.64,0.135,0.135,-0.048,0,0
8.66,0.135,0.135,-0.048,0,0
8.68,0.136,0.136,-0.048,0,0
8.7,0.136,0.136,-0.048,0,0
8.72,0.136,0.136,-0.048,0,0
8.74,0.136,0.136,-0.048,0,0
8.76,0.136,0.136,-0.048,0,0
8.78,0.137,0.137,-0.048,0,0
8.8,0.137,0.137,-0.048,0,0
8.82,0.137,0.137,-0.048,0,0
8.84,0.137,0.137,-0.048,0,0
8.86,0.138,0.138,-0.048,0,0
8.88,0.139,0.139,-0.049,0,0
8.9,0.139,0.139,-0.049,0,0
8.92,0.139,0.139,-0.049,0,0
8.94,0.14,0.14,-0.049,0,0
8.96,0.141,0.141,-0.051,0,0
8.98,0.141,0.141,-0.051,0,0
9,0.141,0.141,-0.051,0,0
9.02,0.142,0.142,-0.051,0,0
9.04,0.142,0.142,-0.051,0,0
9.06,0.143,0.143,-0.053,0,0
9.08,0.143,0.143,-0.053,0,0
9.1,0.144,0.144,-0.053,0,0
9.12,0.144,0.144,-0.053,0,0
9.14,0.144,0.144,-0.053,0,0
9.16,0.144,0.144,-0.053,0,0
9.18,0.144,0.144,-0.053,0,0
9.2,0.145,0.145,-0.053,0,0
9.22,0.145,0.145,-0.053,0,0
9.24,0.145,0.145,-0.053,0,0
9.26,0.145,0.145,-0.053,0,0
9.28,0.144,0.144,-0.051,0,0
9.3,0.145,0.145,-0.051,0,0
9.32,0.145,0.145,-0.051,0,0
9.34,0.144,0.144,-0.049,0,0
9.36,0.144,0.144,-0.049,0,0
9.38,0.143,0.143,-0.048,0,0
9.4,0.143,0.143,-0.048,0,0
9.42,0.142,0.142,-0.046,0,0
9.44,0.142,0.142,-0.044,0,0
9.46,0.142,0.142,-0.044,0,0
9.48,0.141,0.141,-0.042,0,0
9.5,0.141,0.141,-0.042,0,0
9.52,0.14,0.14,-0.041,0,0
9.54,0.14,0.14,-0.041,0,0
9.56,0.139,0.139,-0.039,0,0
9.58,0.14,0.14,-0.039,0,0
9.6,0.14,0.14,-0.039,0,0
9.62,0.139,0.139,-0.037,0,0
9.64,0.139,0.139,-0.037,0,0
9.66,0.139,0.139,-0.037,0,0
9.68,0.139,0.139,-0.037,0,0
9.7,0.14,0.14,-0.037,0,0
9.72,0.14,0.14,-0.037,0,0
9.74,0.141,0.141,-0.039,0,0
9.76,0.141,0.141,-0.039,0,0
9.78,0.142,0.142,-0.039,0,0
9.8,0.143,0.143,-0.041,0,0
9.82,0.143,0.143,-0.041,0,0
9.84,0.145,0.145,-0.042,0,0
9.86,0.146,0.146,-0.044,0,0
9.88,0.146,0.146,-0.044,0,0
9.9,0.147,0.147,-0.046,0,0
9.92,0.149,0.149,-0.048,0,0
9.94,0.149,0.149,-0.048,0,0
9.96,0.15,0.15,-0.049,0,0
9.98,0.151,0.151,-0.049,0,0
10,0.151,0.151,-0.049,0,0
10.02,0.152,0.152,-0.051,0,0
10.04,0.154,0.154,-0.051,0.002,0
10.06,0.155,0.155,-0.051,0.004,0
10.08,0.157,0.157,-0.051,0.007,0
10.1,0.159,0.159,-0.051,0.009,0
10.12,0.16,0.16,-0.051,0.011,0
10.14,0.161,0.161,-0.049,0.013,0
10.16,0.162,0.162,-0.049,0.015,0
10.18,0.163,0.163,-0.048,0.018,0
10.2,0.165,0.165,-0.048,0.02,0
10.22,0.165,0.165,-0.046,0.022,0
10.24,0.167,0.167,-0.046,0.024,0
10.26,0.167,0.167,-0.044,0.026,0
10.28,0.168,0.168,-0.042,0.029,0
10.3,0.168,0.168,-0.041,0.031,0
10.32,0.169,0.169,-0.039,0.033,0
10.34,0.169,0.169,-0.037,0.035,0
10.36,0.17,0.17,-0.035,0.037,0
10.38,0.17,0.17,-0.034,0.04,0
10.4,0.171,0.171,-0.032,0.042,0
10.42,0.173,0.173,-0.032,0.044,0
10.44,0.173,0.173,-0.03,0.046,0
10.46,0.174,0.174,-0.028,0.048,0
10.48,0.174,0.174,-0.027,0.051,0
10.5,0.175,0.175,-0.025,0.053,0
10.52,0.175,0.175,-0.023,0.055,0
10.54,0.176,0.176,-0.021,0.057,0
10.56,0.176,0.176,-0.02,0.059,0
10.58,0.178,0.178,-0.02,0.062,0
10.6,0.178,0.178,-0.018,0.064,0
10.62,0.179,0.179,-0.016,0.066,0
10.64,0.181,0.181,-0.016,0.068,0
10.66,0.181,0.181,-0.014,0.07,0
10.68,0.182,0.182,-0.013,0.073,0
10.7,0.183,0.183,-0.013,0.075,0
10.72,0.184,0.184,-0.011,0.077,0
10.74,0.185,0.185,-0.011,0.079,0
10.76,0.186,0.186,-0.009,0.081,0
10.78,0.188,0.188,-0.009,0.084,0
10.8,0.188,0.188,-0.007,0.086,0
10.82,0.19,0.19,-0.007,0.088,0
10.84,0.19,0.19,-0.006,0.09,0
10.86,0.192,0.192,-0.006,0.092,0
10.88,0.194,0.194,-0.006,0.095,0
10.9,0.194,0.194,-0.004,0.097,0
10.92,0.196,0.196,-0.004,0.099,0
10.94,0.198,0.198,-0.004,0.101,0
10.96,0.199,0.199,-0.004,0.103,0
10.98,0.201,0.201,-0.004,0.106,0
11,0.203,0.203,-0.004,0.108,0
11.02,0.205,0.205,-0.004,0.11,0
11.04,0.206,0.206,-0.004,0.112,0
11.06,0.208,0.208,-0.004,0.114,0
11.08,0.21,0.21,-0.004,0.117,0
11.1,0.211,0.211,-0.004,0.119,0
11.12,0.213,0.213,-0.004,0.121,0
11.14,0.215,0.215,-0.004,0.123,0
11.16,0.217,0.217,-0.004,0.125,0
11.18,0.218,0.218,-0.004,0.128,0
11.2,0.22,0.22,-0.004,0.13,0
11.22,0.222,0.222,-0.004,0.132,0
11.24,0.223,0.223,-0.004,0.134,0
11.26,0.225,0.225,-0.004,0.136,0
11.28,0.227,0.227,-0.004,0.139,0
11.3,0.229,0.229,-0.004,0.141,0
11.32,0.23,0.23,-0.004,0.143,0
11.34,0.232,0.232,-0.004,0.145,0
11.36,0.233,0.233,-0.002,0.147,0
11.38,0.235,0.235,-0.002,0.15,0
11.4,0.236,0.236,-0.002,0.152,0
11.42,0.237,0.237,0,0.154,0
11.44,0.239,0.239,0,0.156,0
11.46,0.239,0.239,0.001,0.158,0
11.48,0.241,0.241,0.001,0.161,0
11.5,0.242,0.242,0.003,0.163,0
11.52,0.244,0.244,0.003,0.165,0
11.54,0.244,0.244,0.005,0.167,0
11.56,0.246,0.246,0.005,0.169,0
11.58,0.247,0.247,0.007,0.172,0
11.6,0.247,0.247,0.008,0.174,0
11.62,0.249,0.249,0.008,0.176,0
11.64,0.25,0.25,0.01,0.178,0
11.66,0.25,0.25,0.012,0.18,0
11.68,0.251,0.251,0.013,0.183,0
11.7,0.252,0.252,0.015,0.185,0
11.72,0.252,0.252,0.017,0.187,0
11.74,0.253,0.253,0.019,0.189,0
11.76,0.254,0.254,0.02,0.191,0
11.78,0.256,0.256,0.02,0.194,0
11.8,0.256,0.256,0.022,0.196,0
11.82,0.257,0.257,0.024,0.198,0
11.84,0.258,0.258,0.026,0.2,0
11.86,0.258,0.258,0.027,0.202,0
11.88,0.259,0.259,0.029,0.205,0
11.9,0.26,0.26,0.031,0.207,0
11.92,0.262,0.262,0.031,0.209,0
11.94,0.262,0.262,0.033,0.211,0
11.96,0.263,0.263,0.034,0.213,0
11.98,0.265,0.265,0.034,0.216,0
12,0.266,0.266,0.036,0.218,0
12.02,0.268,0.268,0.036,0.22,0
12.04,0.269,0.269,0.036,0.222,0
12.06,0.27,0.27,0.038,0.224,0
12.08,0.272,0.272,0.038,0.227,0
12.1,0.274,0.274,0.038,0.229,0
12.12,0.276,0.276,0.038,0.231,0
12.14,0.278,0.278,0.038,0.233,0
12.16,0.28,0.28,0.038,0.235,0
12.18,0.281,0.281,0.038,0.238,0
12.2,0.283,0.283,0.038,0.24,0
12.22,0.285,0.285,0.038,0.242,0
12.24,0.287,0.287,0.038,0.244,0
12.26,0.288,0.288,0.04,0.246,0
12.28,0.29,0.29,0.04,0.249,0
12.3,0.292,0.292,0.04,0.251,0
12.32,0.294,0.294,0.04,0.253,0
12.34,0.296,0.296,0.04,0.255,0
12.36,0.297,0.297,0.041,0.257,0
12.38,0.298,0.298,0.041,0.26,0
12.4,0.3,0.3,0.041,0.262,0
12.42,0.302,0.302,0.041,0.264,0
12.44,0.304,0.304,0.041,0.266,0
12.46,0.305,0.305,0.043,0.268,0
12.48,0.307,0.307,0.043,0.271,0
12.5,0.309,0.309,0.043,0.273,0
12.52,0.31,0.31,0.045,0.275,0
12.54,0.312,0.312,0.045,0.277,0
12.56,0.313,0.313,0.047,0.279,0
12.58,0.314,0.314,0.048,0.282,0
12.6,0.316,0.316,0.048,0.284,0
12.62,0.316,0.316,0.05,0.286,0
12.64,0.317,0.317,0.052,0.288,0
12.66,0.318,0.318,0.054,0.29,0
12.68,0.319,0.319,0.055,0.293,0
12.7,0.32,0.32,0.057,0.295,0
12.72,0.321,0.321,0.059,0.297,0
12.74,0.322,0.322,0.061,0.299,0
12.76,0.323,0.323,0.062,0.301,0
12.78,0.323,0.323,0.064,0.304,0
12.8,0.324,0.324,0.066,0.306,0
12.82,0.325,0.325,0.068,0.308,0
12.84,0.326,0.326,0.069,0.31,0
12.86,0.327,0.327,0.071,0.312,0
12.88,0.329,0.329,0.071,0.315,0
12.9,0.33,0.33,0.073,0.317,0
12.92,0.331,0.331,0.075,0.319,0
12.94,0.332,0.332,0.076,0.321,0
12.96,0.333,0.333,0.078,0.323,0
12.98,0.335,0.335,0.078,0.326,0
13,0.336,0.336,0.08,0.328,0
13.02,0.337,0.337,0.082,0.33,0
13.04,0.339,0.339,0.082,0.332,0
13.06,0.341,0.341,0.082,0.334,0
13.08,0.342,0.342,0.083,0.337,0
13.1,0.344,0.344,0.083,0.339,0
13.12,0.346,0.346,0.083,0.341,0
13.14,0.347,0.347,0.085,0.343,0
13.16,0.349,0.349,0.085,0.345,0
13.18,0.351,0.351,0.085,0.348,0
13.2,0.353,0.353,0.085,0.35,0
13.22,0.356,0.356,0.085,0.352,0
13.24,0.358,0.358,0.085,0.354,0
13.26,0.36,0.36,0.085,0.356,0
13.28,0.362,0.362,0.085,0.359,0
13.3,0.363,0.363,0.087,0.361,0
13.32,0.366,0.366,0.085,0.363,0
13.34,0.368,0.368,0.085,0.365,0
13.36,0.369,0.369,0.087,0.367,0
13.38,0.372,0.372,0.087,0.37,0
13.4,0.374,0.374,0.087,0.372,0
13.42,0.376,0.376,0.087,0.374,0
13.44,0.378,0.378,0.087,0.376,0
13.46,0.38,0.38,0.087,0.378,0
13.48,0.381,0.381,0.089,0.381,0
13.5,0.384,0.384,0.089,0.383,0
13.52,0.385,0.385,0.09,0.385,0
13.54,0.386,0.386,0.092,0.387,0
13.56,0.387,0.387,0.094,0.389,0
13.58,0.388,0.388,0.096,0.392,0
13.6,0.389,0.389,0.097,0.394,0
13.62,0.39,0.39,0.099,0.396,0
13.64,0.391,0.391,0.101,0.398,0
13.66,0.392,0.392,0.102,0.4,0
13.68,0.393,0.393,0.104,0.403,0
13.7,0.394,0.394,0.106,0.405,0
13.72,0.394,0.394,0.109,0.407,0
13.74,0.395,0.395,0.111,0.409,0
13.76,0.397,0.397,0.113,0.411,0
13.78,0.398,0.398,0.115,0.414,0
13.8,0.399,0.399,0.116,0.416,0
13.82,0.399,0.399,0.12,0.418,0
13.84,0.4,0.4,0.122,0.42,0
13.86,0.401,0.401,0.123,0.422,0
13.88,0.402,0.402,0.125,0.425,0
13.9,0.403,0.403,0.127,0.427,0
13.92,0.404,0.404,0.129,0.429,0
13.94,0.406,0.406,0.13,0.431,0
13.96,0.407,0.407,0.132,0.433,0
13.98,0.408,0.408,0.134,0.436,0
14,0.408,0.408,0.137,0.438,0
14.02,0.409,0.409,0.139,0.44,0
14.04,0.41,0.41,0.141,0.442,0
14.06,0.411,0.411,0.143,0.444,0
14.08,0.413,0.413,0.144,0.447,0
14.1,0.414,0.414,0.146,0.449,0
14.12,0.415,0.415,0.148,0.451,0
14.14,0.416,0.416,0.15,0.453,0
14.16,0.417,0.417,0.151,0.455,0
14.18,0.419,0.419,0.153,0.458,0
14.2,0.421,0.421,0.153,0.46,0
14.22,0.422,0.422,0.155,0.462,0
14.24,0.425,0.425,0.155,0.464,0
14.26,0.426,0.426,0.157,0.466,0
14.28,0.428,0.428,0.157,0.469,0
14.3,0.429,0.429,0.158,0.471,0
14.32,0.432,0.432,0.158,0.473,0
14.34,0.434,0.434,0.158,0.475,0
14.36,0.436,0.436,0.158,0.477,0
14.38,0.439,0.439,0.158,0.48,0
14.4,0.441,0.441,0.158,0.482,0
14.42,0.444,0.444,0.158,0.484,0
14.44,0.446,0.446,0.158,0.486,0
14.46,0.448,0.448,0.158,0.488,0
14.48,0.451,0.451,0.158,0.491,0
14.5,0.453,0.453,0.158,0.493,0
14.52,0.456,0.456,0.158,0.495,0
14.54,0.457,0.457,0.16,0.497,0
14.56,0.459,0.459,0.16,0.499,0
14.58,0.462,0.462,0.16,0.502,0
14.6,0.464,0.464,0.16,0.504,0
14.62,0.467,0.467,0.16,0.506,0
14.64,0.469,0.469,0.16,0.508,0
14.66,0.472,0.472,0.16,0.51,0
14.68,0.473,0.473,0.162,0.513,0
14.7,0.475,0.475,0.162,0.515,0
14.72,0.477,0.477,0.164,0.517,0
14.74,0.479,0.479,0.164,0.519,0
14.76,0.48,0.48,0.165,0.521,0
14.78,0.482,0.482,0.167,0.524,0
14.8,0.483,0.483,0.169,0.526,0
14.82,0.484,0.484,0.171,0.528,0
14.84,0.486,0.486,0.172,0.53,0
14.86,0.487,0.487,0.174,0.532,0
14.88,0.488,0.488,0.176,0.535,0
14.9,0.489,0.489,0.179,0.537,0
14.92,0.49,0.49,0.181,0.539,0
14.94,0.491,0.491,0.183,0.541,0
14.96,0.492,0.492,0.186,0.543,0
14.98,0.493,0.493,0.188,0.546,0
15,0.494,0.494,0.19,0.548,0
15.02,0.496,0.496,0.192,0.55,0
15.04,0.495,0.495,0.195,0.55,0
15.06,0.494,0.494,0.197,0.55,0
15.08,0.494,0.494,0.198,0.55,0
15.1,0.494,0.494,0.2,0.55,0
15.12,0.494,0.494,0.202,0.55,0
15.14,0.494,0.494,0.204,0.55,0
15.16,0.495,0.495,0.204,0.55,0
15.18,0.495,0.495,0.205,0.55,0
15.2,0.495,0.495,0.207,0.55,0
15.22,0.496,0.496,0.207,0.55,0
15.24,0.496,0.496,0.209,0.55,0
15.26,0.498,0.498,0.209,0.55,0
15.28,0.499,0.499,0.209,0.55,0
15.3,0.499,0.499,0.211,0.55,0
15.32,0.5,0.5,0.211,0.55,0
15.34,0.501,0.501,0.211,0.55,0
15.36,0.502,0.502,0.211,0.55,0
15.38,0.503,0.503,0.211,0.55,0
15.4,0.503,0.503,0.212,0.55,0
15.42,0.504,0.504,0.212,0.55,0
15.44,0.505,0.505,0.212,0.55,0
15.46,0.507,0.507,0.212,0.55,0
15.48,0.508,0.508,0.212,0.55,0
15.5,0.509,0.509,0.212,0.55,0
15.52,0.51,0.51,0.212,0.55,0
15.54,0.511,0.511,0.212,0.55,0
15.56,0.511,0.511,0.214,0.55,0
15.58,0.512,0.512,0.214,0.55,0
15.6,0.514,0.514,0.214,0.55,0
15.62,0.515,0.515,0.214,0.55,0
15.64,0.516,0.516,0.214,0.55,0
15.66,0.517,0.517,0.214,0.55,0
15.68,0.518,0.518,0.214,0.55,0
15.7,0.519,0.519,0.214,0.55,0
15.72,0.521,0.521,0.214,0.55,0
15.74,0.522,0.522,0.214,0.55,0
15.76,0.523,0.523,0.214,0.55,0
15.78,0.524,0.524,0.214,0.55,0
15.8,0.526,0.526,0.212,0.55,0
15.82,0.528,0.528,0.212,0.55,0
15.84,0.529,0.529,0.212,0.55,0
15.86,0.53,0.53,0.212,0.55,0
15.88,0.531,0.531,0.212,0.55,0
15.9,0.532,0.532,0.212,0.55,0
15.92,0.534,0.534,0.212,0.55,0
15.94,0.535,0.535,0.212,0.55,0
15.96,0.536,0.536,0.212,0.55,0
15.98,0.537,0.537,0.212,0.55,0
16,0.538,0.538,0.212,0.55,0
16.02,0.54,0.54,0.212,0.55,0
16.04,0.54,0.54,0.214,0.55,0
16.06,0.541,0.541,0.214,0.55,0
16.08,0.541,0.541,0.216,0.55,0
16.1,0.542,0.542,0.216,0.55,0
16.12,0.542,0.542,0.218,0.55,0
16.14,0.542,0.542,0.219,0.55,0
16.16,0.544,0.544,0.219,0.55,0
16.18,0.544,0.544,0.221,0.55,0
16.2,0.544,0.544,0.223,0.55,0
16.22,0.544,0.544,0.225,0.55,0
16.24,0.544,0.544,0.226,0.55,0
16.26,0.544,0.544,0.228,0.55,0
16.28,0.544,0.544,0.23,0.55,0
16.3,0.544,0.544,0.232,0.55,0
16.32,0.544,0.544,0.233,0.55,0
16.34,0.544,0.544,0.235,0.55,0
16.36,0.544,0.544,0.237,0.55,0
16.38,0.543,0.543,0.24,0.55,0
16.4,0.544,0.544,0.24,0.55,0
16.42,0.544,0.544,0.242,0.55,0
16.44,0.545,0.545,0.244,0.55,0
16.46,0.545,0.545,0.246,0.55,0
16.48,0.545,0.545,0.247,0.55,0
16.5,0.546,0.546,0.247,0.55,0
16.52,0.546,0.546,0.249,0.55,0
16.54,0.547,0.547,0.249,0.55,0
16.56,0.547,0.547,0.251,0.55,0
16.58,0.549,0.549,0.251,0.55,0
16.6,0.55,0.55,0.251,0.55,0
16.62,0.551,0.551,0.251,0.55,0
16.64,0.552,0.552,0.251,0.55,0
16.66,0.553,0.553,0.251,0.55,0
16.68,0.555,0.555,0.251,0.55,0
16.7,0.556,0.556,0.251,0.55,0
16.72,0.558,0.558,0.249,0.55,0
16.74,0.559,0.559,0.249,0.55,0
16.76,0.562,0.562,0.247,0.55,0
16.78,0.564,0.564,0.246,0.55,0
16.8,0.565,0.565,0.246,0.55,0
16.82,0.568,0.568,0.244,0.55,0
16.84,0.569,0.569,0.244,0.55,0
16.86,0.571,0.571,0.242,0.55,0
16.88,0.574,0.574,0.24,0.55,0
16.9,0.575,0.575,0.24,0.55,0
16.92,0.576,0.576,0.24,0.55,0
16.94,0.577,0.577,0.24,0.55,0
16.96,0.579,0.579,0.24,0.55,0
16.98,0.58,0.58,0.24,0.55,0
17,0.581,0.581,0.24,0.55,0
17.02,0.582,0.582,0.24,0.55,0
17.04,0.582,0.582,0.242,0.55,0
17.06,0.583,0.583,0.242,0.55,0
17.08,0.584,0.584,0.244,0.55,0
17.1,0.584,0.584,0.246,0.55,0
17.12,0.584,0.584,0.247,0.55,0
17.14,0.584,0.584,0.249,0.55,0
17.16,0.584,0.584,0.251,0.55,0
17.18,0.584,0.584,0.253,0.55,0
17.2,0.584,0.584,0.254,0.55,0
17.22,0.584,0.584,0.256,0.55,0
17.24,0.584,0.584,0.258,0.55,0
17.26,0.583,0.583,0.261,0.55,0
17.28,0.583,0.583,0.263,0.55,0
17.3,0.583,0.583,0.265,0.55,0
17.32,0.583,0.583,0.267,0.55,0
17.34,0.583,0.583,0.268,0.55,0
17.36,0.583,0.583,0.27,0.55,0
17.38,0.583,0.583,0.272,0.55,0
17.4,0.584,0.584,0.274,0.55,0
17.42,0.584,0.584,0.275,0.55,0
17.44,0.584,0.584,0.277,0.55,0
17.46,0.584,0.584,0.279,0.55,0
17.48,0.584,0.584,0.281,0.55,0
17.5,0.584,0.584,0.282,0.55,0
17.52,0.585,0.585,0.282,0.55,0
17.54,0.585,0.585,0.284,0.55,0
17.56,0.586,0.586,0.284,0.55,0
17.58,0.586,0.586,0.286,0.55,0
17.6,0.587,0.587,0.286,0.55,0
17.62,0.589,0.589,0.286,0.55,0
17.64,0.59,0.59,0.286,0.55,0
17.66,0.591,0.591,0.286,0.55,0
17.68,0.592,0.592,0.286,0.55,0
17.7,0.593,0.593,0.286,0.55,0
17.72,0.595,0.595,0.286,0.55,0
17.74,0.596,0.596,0.286,0.55,0
17.76,0.597,0.597,0.286,0.55,0
17.78,0.598,0.598,0.286,0.55,0
17.8,0.6,0.6,0.284,0.55,0
17.82,0.602,0.602,0.284,0.55,0
17.84,0.603,0.603,0.284,0.55,0
17.86,0.604,0.604,0.284,0.55,0
17.88,0.604,0.604,0.286,0.55,0
17.9,0.605,0.605,0.286,0.55,0
17.92,0.606,0.606,0.286,0.55,0
17.94,0.608,0.608,0.286,0.55,0
17.96,0.608,0.608,0.288,0.55,0
17.98,0.609,0.609,0.288,0.55,0
18,0.609,0.609,0.289,0.55,0
18.02,0.61,0.61,0.289,0.55,0
18.04,0.611,0.611,0.289,0.55,0
18.06,0.611,0.611,0.291,0.55,0
18.08,0.612,0.612,0.291,0.55,0
18.1,0.612,0.612,0.293,0.55,0
18.12,0.613,0.613,0.293,0.55,0
18.14,0.613,0.613,0.294,0.55,0
18.16,0.615,0.615,0.294,0.55,0
18.18,0.615,0.615,0.296,0.55,0
18.2,0.616,0.616,0.296,0.55,0
18.22,0.617,0.617,0.296,0.55,0
18.24,0.617,0.617,0.298,0.55,0
18.26,0.618,0.618,0.298,0.55,0
18.28,0.619,0.619,0.298,0.55,0
18.3,0.619,0.619,0.3,0.55,0
18.32,0.62,0.62,0.3,0.55,0
18.34,0.621,0.621,0.3,0.55,0
18.36,0.623,0.623,0.3,0.55,0
18.38,0.623,0.623,0.301,0.55,0
18.4,0.624,0.624,0.301,0.55,0
18.42,0.625,0.625,0.301,0.55,0
18.44,0.626,0.626,0.301,0.55,0
18.46,0.627,0.627,0.301,0.55,0
18.48,0.627,0.627,0.303,0.55,0
18.5,0.628,0.628,0.303,0.55,0
18.52,0.629,0.629,0.303,0.55,0
18.54,0.629,0.629,0.305,0.55,0
18.56,0.63,0.63,0.305,0.55,0
18.58,0.631,0.631,0.305,0.55,0
18.6,0.631,0.631,0.307,0.55,0
18.62,0.631,0.631,0.308,0.55,0
18.64,0.633,0.633,0.308,0.55,0
18.66,0.632,0.632,0.31,0.55,0
18.68,0.632,0.632,0.312,0.55,0
18.7,0.632,0.632,0.314,0.55,0
18.72,0.632,0.632,0.315,0.55,0
18.74,0.632,0.632,0.317,0.55,0
18.76,0.632,0.632,0.319,0.55,0
18.78,0.632,0.632,0.321,0.55,0
18.8,0.632,0.632,0.322,0.55,0
18.82,0.632,0.632,0.324,0.55,0
18.84,0.632,0.632,0.326,0.55,0
18.86,0.632,0.632,0.328,0.55,0
18.88,0.632,0.632,0.329,0.55,0
18.9,0.632,0.632,0.331,0.55,0
18.92,0.632,0.632,0.333,0.55,0
18.94,0.632,0.632,0.335,0.55,0
18.96,0.632,0.632,0.336,0.55,0
18.98,0.632,0.632,0.338,0.55,0
19,0.633,0.633,0.338,0.55,0
19.02,0.633,0.633,0.34,0.55,0
19.04,0.632,0.632,0.342,0.55,0
19.06,0.634,0.634,0.342,0.55,0
19.08,0.633,0.633,0.343,0.55,0
19.1,0.635,0.635,0.343,0.55,0
19.12,0.634,0.634,0.345,0.55,0
19.14,0.635,0.635,0.345,0.55,0
19.16,0.637,0.637,0.345,0.55,0
19.18,0.638,0.638,0.345,0.55,0
19.2,0.639,0.639,0.345,0.55,0
19.22,0.64,0.64,0.345,0.55,0
19.24,0.641,0.641,0.345,0.55,0
19.26,0.642,0.642,0.345,0.55,0
19.28,0.643,0.643,0.345,0.55,0
19.3,0.645,0.645,0.343,0.55,0
19.32,0.646,0.646,0.343,0.55,0
19.34,0.647,0.647,0.343,0.55,0
19.36,0.649,0.649,0.342,0.55,0
19.38,0.651,0.651,0.34,0.55,0
19.4,0.652,0.652,0.34,0.55,0
19.42,0.654,0.654,0.338,0.55,0
19.44,0.656,0.656,0.338,0.55,0
19.46,0.658,0.658,0.336,0.55,0
19.48,0.66,0.66,0.335,0.55,0
19.5,0.661,0.661,0.335,0.55,0
19.52,0.663,0.663,0.333,0.55,0
19.54,0.664,0.664,0.333,0.55,0
19.56,0.665,0.665,0.333,0.55,0
19.58,0.666,0.666,0.333,0.55,0
19.6,0.667,0.667,0.333,0.55,0
19.62,0.668,0.668,0.333,0.55,0
19.64,0.669,0.669,0.333,0.55,0
19.66,0.669,0.669,0.335,0.55,0
19.68,0.67,0.67,0.335,0.55,0
19.7,0.67,0.67,0.336,0.55,0
19.72,0.669,0.669,0.338,0.55,0
19.74,0.669,0.669,0.34,0.55,0
19.76,0.669,0.669,0.342,0.55,0
19.78,0.669,0.669,0.343,0.55,0
19.8,0.668,0.668,0.347,0.55,0
19.82,0.668,0.668,0.349,0.55,0
19.84,0.666,0.666,0.352,0.55,0
19.86,0.666,0.666,0.354,0.55,0
19.88,0.665,0.665,0.357,0.55,0
19.9,0.665,0.665,0.359,0.55,0
19.92,0.663,0.663,0.363,0.55,0
19.94,0.662,0.662,0.366,0.55,0
19.96,0.662,0.662,0.368,0.55,0
19.98,0.66,0.66,0.371,0.55,0
20,0.659,0.659,0.375,0.55,0
20.02,0.659,0.659,0.377,0.55,0
20.04,0.657,0.657,0.38,0.55,0
20.06,0.657,0.657,0.382,0.55,0
20.08,0.656,0.656,0.385,0.55,0
20.1,0.656,0.656,0.387,0.55,0
20.12,0.656,0.656,0.389,0.55,0
20.14,0.655,0.655,0.39,0.55,0
20.16,0.655,0.655,0.392,0.55,0
20.18,0.655,0.655,0.394,0.55,0
20.2,0.656,0.656,0.394,0.55,0
20.22,0.657,0.657,0.394,0.55,0
20.24,0.658,0.658,0.394,0.55,0
20.26,0.659,0.659,0.394,0.55,0
20.28,0.661,0.661,0.392,0.55,0
20.3,0.662,0.662,0.392,0.55,0
20.32,0.664,0.664,0.39,0.55,0
20.34,0.666,0.666,0.389,0.55,0
20.36,0.668,0.668,0.387,0.55,0
20.38,0.67,0.67,0.385,0.55,0
20.4,0.672,0.672,0.383,0.55,0
20.42,0.674,0.674,0.382,0.55,0
20.44,0.676,0.676,0.38,0.55,0
20.46,0.678,0.678,0.378,0.55,0
20.48,0.681,0.681,0.375,0.55,0
20.5,0.683,0.683,0.373,0.55,0
20.52,0.685,0.685,0.371,0.55,0
20.54,0.687,0.687,0.37,0.55,0
20.56,0.689,0.689,0.368,0.55,0
20.58,0.691,0.691,0.366,0.55,0
20.6,0.694,0.694,0.363,0.55,0
20.62,0.695,0.695,0.363,0.55,0
20.64,0.697,0.697,0.361,0.55,0
20.66,0.699,0.699,0.359,0.55,0
20.68,0.7,0.7,0.359,0.55,0
20.7,0.701,0.701,0.359,0.55,0
20.72,0.702,0.702,0.359,0.55,0
20.74,0.703,0.703,0.359,0.55,0
20.76,0.703,0.703,0.359,0.55,0
20.78,0.703,0.703,0.361,0.55,0
20.8,0.703,0.703,0.363,0.55,0
20.82,0.703,0.703,0.364,0.55,0
20.84,0.702,0.702,0.366,0.55,0
20.86,0.702,0.702,0.368,0.55,0
20.88,0.701,0.701,0.371,0.55,0
20.9,0.7,0.7,0.373,0.55,0
20.92,0.699,0.699,0.377,0.55,0
20.94,0.697,0.697,0.38,0.55,0
20.96,0.696,0.696,0.383,0.55,0
20.98,0.694,0.694,0.387,0.55,0
21,0.693,0.693,0.39,0.55,0
21.02,0.693,0.693,0.392,0.55,0
21.04,0.691,0.691,0.396,0.55,0
21.06,0.69,0.69,0.399,0.55,0
21.08,0.688,0.688,0.403,0.55,0
21.1,0.687,0.687,0.406,0.55,0
21.12,0.685,0.685,0.41,0.55,0
21.14,0.684,0.684,0.413,0.55,0
21.16,0.682,0.682,0.417,0.55,0
21.18,0.682,0.682,0.418,0.55,0
21.2,0.681,0.681,0.422,0.55,0
21.22,0.68,0.68,0.424,0.55,0
21.24,0.68,0.68,0.425,0.55,0
21.26,0.681,0.681,0.425,0.55,0
21.28,0.68,0.68,0.427,0.55,0
21.3,0.681,0.681,0.427,0.55,0
21.32,0.682,0.682,0.427,0.55,0
21.34,0.684,0.684,0.425,0.55,0
21.36,0.685,0.685,0.425,0.55,0
21.38,0.687,0.687,0.424,0.55,0
21.4,0.688,0.688,0.422,0.55,0
21.42,0.691,0.691,0.418,0.55,0
21.44,0.693,0.693,0.417,0.55,0
21.46,0.695,0.695,0.415,0.55,0
21.48,0.698,0.698,0.411,0.55,0
21.5,0.701,0.701,0.408,0.55,0
21.52,0.703,0.703,0.406,0.55,0
21.54,0.706,0.706,0.403,0.55,0
21.56,0.708,0.708,0.401,0.55,0
21.58,0.711,0.711,0.397,0.55,0
21.6,0.713,0.713,0.396,0.55,0
21.62,0.716,0.716,0.392,0.55,0
21.64,0.718,0.718,0.39,0.55,0
21.66,0.721,0.721,0.387,0.55,0
21.68,0.723,0.723,0.385,0.55,0
21.7,0.725,0.725,0.383,0.55,0
21.72,0.727,0.727,0.382,0.55,0
21.74,0.729,0.729,0.38,0.55,0
21.76,0.729,0.729,0.38,0.55,0
21.78,0.731,0.731,0.378,0.55,0
21.8,0.732,0.732,0.378,0.55,0
21.82,0.733,0.733,0.378,0.55,0
21.84,0.732,0.732,0.38,0.55,0
21.86,0.732,0.732,0.382,0.55,0
21.88,0.732,0.732,0.383,0.55,0
21.9,0.731,0.731,0.385,0.55,0
21.92,0.731,0.731,0.387,0.55,0
21.94,0.729,0.729,0.39,0.55,0
21.96,0.728,0.728,0.394,0.55,0
21.98,0.726,0.726,0.397,0.55,0
22,0.725,0.725,0.401,0.55,0
22.02,0.723,0.723,0.404,0.55,0
22.04,0.72,0.72,0.41,0.55,0
22.06,0.718,0.718,0.415,0.55,0
22.08,0.716,0.716,0.418,0.55,0
22.1,0.713,0.713,0.424,0.55,0
22.12,0.711,0.711,0.429,0.55,0
22.14,0.708,0.708,0.434,0.55,0
22.16,0.706,0.706,0.438,0.55,0
22.18,0.703,0.703,0.443,0.55,0
22.2,0.702,0.702,0.446,0.55,0
22.22,0.7,0.7,0.45,0.55,0
22.24,0.699,0.699,0.453,0.55,0
22.26,0.697,0.697,0.457,0.55,0
22.28,0.697,0.697,0.459,0.55,0
22.3,0.695,0.695,0.462,0.55,0
22.32,0.695,0.695,0.464,0.55,0
22.34,0.694,0.694,0.466,0.55,0
22.36,0.695,0.695,0.466,0.55,0
22.38,0.694,0.694,0.467,0.55,0
22.4,0.695,0.695,0.467,0.55,0
22.42,0.696,0.696,0.467,0.55,0
22.44,0.696,0.696,0.467,0.55,0
22.46,0.698,0.698,0.466,0.55,0
22.48,0.7,0.7,0.464,0.55,0
22.5,0.702,0.702,0.462,0.55,0
22.52,0.703,0.703,0.46,0.55,0
22.54,0.706,0.706,0.457,0.55,0
22.56,0.708,0.708,0.455,0.55,0
22.58,0.711,0.711,0.452,0.55,0
22.6,0.714,0.714,0.448,0.55,0
22.62,0.717,0.717,0.445,0.55,0
22.64,0.72,0.72,0.441,0.55,0
22.66,0.724,0.724,0.436,0.55,0
22.68,0.727,0.727,0.432,0.55,0
22.7,0.73,0.73,0.429,0.55,0
22.72,0.734,0.734,0.424,0.55,0
22.74,0.737,0.737,0.42,0.55,0
22.76,0.74,0.74,0.417,0.55,0
22.78,0.743,0.743,0.413,0.55,0
22.8,0.745,0.745,0.41,0.55,0
22.82,0.748,0.748,0.406,0.55,0
22.84,0.751,0.751,0.403,0.55,0
22.86,0.753,0.753,0.401,0.55,0
22.88,0.755,0.755,0.399,0.55,0
22.9,0.757,0.757,0.397,0.55,0
22.92,0.758,0.758,0.396,0.55,0
22.94,0.759,0.759,0.396,0.55,0
22.96,0.759,0.759,0.396,0.55,0
22.98,0.76,0.76,0.396,0.55,0
23,0.76,0.76,0.397,0.55,0
23.02,0.759,0.759,0.399,0.55,0
23.04,0.758,0.758,0.401,0.55,0
23.06,0.757,0.757,0.404,0.55,0
23.08,0.755,0.755,0.408,0.55,0
23.1,0.753,0.753,0.411,0.55,0
23.12,0.751,0.751,0.417,0.55,0
23.14,0.748,0.748,0.422,0.55,0
23.16,0.745,0.745,0.427,0.55,0
23.18,0.742,0.742,0.432,0.55,0
23.2,0.739,0.739,0.438,0.55,0
23.22,0.736,0.736,0.443,0.55,0
23.24,0.734,0.734,0.448,0.55,0
23.26,0.73,0.73,0.455,0.55,0
23.28,0.727,0.727,0.46,0.55,0
23.3,0.724,0.724,0.466,0.55,0
23.32,0.721,0.721,0.471,0.55,0
23.34,0.718,0.718,0.476,0.55,0
23.36,0.716,0.716,0.479,0.55,0
23.38,0.714,0.714,0.485,0.55,0
23.4,0.712,0.712,0.488,0.55,0
23.42,0.71,0.71,0.492,0.55,0
23.44,0.708,0.708,0.495,0.55,0
23.46,0.708,0.708,0.497,0.55,0
23.48,0.707,0.707,0.499,0.55,0
23.5,0.708,0.708,0.499,0.55,0
23.52,0.708,0.708,0.499,0.55,0
23.54,0.709,0.709,0.499,0.55,0
23.56,0.711,0.711,0.497,0.55,0
23.58,0.712,0.712,0.495,0.55,0
23.6,0.714,0.714,0.493,0.55,0
23.62,0.717,0.717,0.49,0.55,0
23.64,0.72,0.72,0.486,0.55,0
23.66,0.724,0.724,0.481,0.55,0
23.68,0.728,0.728,0.476,0.55,0
23.7,0.73,0.73,0.473,0.55,0
23.72,0.735,0.735,0.466,0.55,0
23.74,0.739,0.739,0.46,0.55,0
23.76,0.743,0.743,0.455,0.55,0
23.78,0.747,0.747,0.45,0.55,0
23.8,0.752,0.752,0.443,0.55,0
23.82,0.756,0.756,0.438,0.55,0
23.84,0.76,0.76,0.432,0.55,0
23.86,0.764,0.764,0.427,0.55,0
23.88,0.768,0.768,0.422,0.55,0
23.9,0.771,0.771,0.418,0.55,0
23.92,0.774,0.774,0.415,0.55,0
23.94,0.777,0.777,0.411,0.55,0
23.96,0.778,0.778,0.41,0.55,0
23.98,0.781,0.781,0.406,0.55,0
24,0.782,0.782,0.406,0.55,0
24.02,0.783,0.783,0.404,0.55,0
24.04,0.784,0.784,0.404,0.55,0
24.06,0.784,0.784,0.404,0.55,0
24.08,0.785,0.785,0.404,0.55,0
24.1,0.784,0.784,0.406,0.55,0
24.12,0.782,0.782,0.41,0.55,0
24.14,0.782,0.782,0.411,0.55,0
24.16,0.78,0.78,0.415,0.55,0
24.18,0.778,0.778,0.418,0.55,0
24.2,0.775,0.775,0.424,0.55,0
24.22,0.772,0.772,0.429,0.55,0
24.24,0.771,0.771,0.432,0.55,0
24.26,0.766,0.766,0.439,0.55,0
24.28,0.763,0.763,0.445,0.55,0
24.3,0.761,0.761,0.45,0.55,0
24.32,0.758,0.758,0.455,0.55,0
24.34,0.754,0.754,0.462,0.55,0
24.36,0.749,0.749,0.469,0.55,0
24.38,0.747,0.747,0.474,0.55,0
24.4,0.744,0.744,0.479,0.55,0
24.42,0.74,0.74,0.486,0.55,0
24.44,0.737,0.737,0.492,0.55,0
24.46,0.735,0.735,0.495,0.55,0
24.48,0.732,0.732,0.5,0.55,0
24.5,0.73,0.73,0.504,0.55,0
24.52,0.728,0.728,0.507,0.55,0
24.54,0.726,0.726,0.511,0.55,0
24.56,0.726,0.726,0.513,0.55,0
24.58,0.725,0.725,0.514,0.55,0
24.6,0.724,0.724,0.516,0.55,0
24.62,0.724,0.724,0.518,0.55,0
24.64,0.724,0.724,0.518,0.55,0
24.66,0.725,0.725,0.518,0.55,0
24.68,0.726,0.726,0.516,0.55,0
24.7,0.728,0.728,0.514,0.55,0
24.72,0.729,0.729,0.513,0.55,0
24.74,0.731,0.731,0.511,0.55,0
24.76,0.733,0.733,0.509,0.55,0
24.78,0.735,0.735,0.506,0.55,0
24.8,0.738,0.738,0.502,0.55,0
24.82,0.741,0.741,0.499,0.55,0
24.84,0.745,0.745,0.493,0.55,0
24.86,0.747,0.747,0.49,0.55,0
24.88,0.751,0.751,0.485,0.55,0
24.9,0.755,0.755,0.479,0.55,0
24.92,0.759,0.759,0.474,0.55,0
24.94,0.763,0.763,0.469,0.55,0
24.96,0.767,0.767,0.464,0.55,0
24.98,0.77,0.77,0.459,0.55,0
25,0.774,0.774,0.453,0.55,0
25.02,0.778,0.778,0.448,0.55,0
25.04,0.782,0.782,0.443,0.55,0
25.06,0.785,0.785,0.439,0.55,0
25.08,0.789,0.789,0.434,0.55,0
25.1,0.791,0.791,0.431,0.55,0
25.12,0.794,0.794,0.427,0.55,0
25.14,0.796,0.796,0.425,0.55,0
25.16,0.798,0.798,0.422,0.55,0
25.18,0.799,0.799,0.422,0.55,0
25.2,0.8,0.8,0.42,0.55,0
25.22,0.801,0.801,0.42,0.55,0
25.24,0.8,0.8,0.422,0.55,0
25.26,0.799,0.799,0.424,0.55,0
25.28,0.798,0.798,0.425,0.55,0
25.3,0.797,0.797,0.429,0.55,0
25.32,0.795,0.795,0.432,0.55,0
25.34,0.793,0.793,0.436,0.55,0
25.36,0.79,0.79,0.441,0.55,0
25.38,0.787,0.787,0.446,0.55,0
25.4,0.784,0.784,0.452,0.55,0
25.42,0.78,0.78,0.459,0.55,0
25.44,0.776,0.776,0.466,0.55,0
25.46,0.772,0.772,0.471,0.55,0
25.48,0.768,0.768,0.478,0.55,0
25.5,0.764,0.764,0.485,0.55,0
25.52,0.76,0.76,0.492,0.55,0
25.54,0.756,0.756,0.499,0.55,0
25.56,0.753,0.753,0.504,0.55,0
25.58,0.749,0.749,0.511,0.55,0
25.6,0.746,0.746,0.516,0.55,0
25.62,0.741,0.741,0.523,0.55,0
25.64,0.738,0.738,0.528,0.55,0
25.66,0.736,0.736,0.532,0.55,0
25.68,0.733,0.733,0.537,0.55,0
25.7,0.733,0.733,0.539,0.55,0
25.72,0.731,0.731,0.542,0.55,0
25.74,0.73,0.73,0.544,0.55,0
25.76,0.729,0.729,0.546,0.55,0
25.78,0.73,0.73,0.546,0.55,0
25.8,0.73,0.73,0.546,0.55,0
25.82,0.731,0.731,0.544,0.55,0
25.84,0.732,0.732,0.544,0.55,0
25.86,0.734,0.734,0.541,0.55,0
25.88,0.736,0.736,0.539,0.55,0
25.9,0.739,0.739,0.535,0.55,0
25.92,0.741,0.741,0.532,0.55,0
25.94,0.745,0.745,0.527,0.55,0
25.96,0.749,0.749,0.521,0.55,0
25.98,0.753,0.753,0.516,0.55,0
26,0.756,0.756,0.511,0.55,0
26.02,0.761,0.761,0.504,0.55,0
26.04,0.765,0.765,0.499,0.55,0
26.06,0.77,0.77,0.492,0.55,0
26.08,0.775,0.775,0.485,0.55,0
26.1,0.78,0.78,0.478,0.55,0
26.12,0.784,0.784,0.473,0.55,0
26.14,0.788,0.788,0.466,0.55,0
26.16,0.792,0.792,0.46,0.55,0
26.18,0.797,0.797,0.453,0.55,0
26.2,0.801,0.801,0.448,0.55,0
26.22,0.804,0.804,0.445,0.55,0
26.24,0.807,0.807,0.439,0.55,0
26.26,0.81,0.81,0.436,0.55,0
26.28,0.813,0.813,0.432,0.55,0
26.3,0.814,0.814,0.431,0.55,0
26.32,0.816,0.816,0.429,0.55,0
26.34,0.817,0.817,0.427,0.55,0
26.36,0.817,0.817,0.427,0.55,0
26.38,0.818,0.818,0.427,0.55,0
26.4,0.818,0.818,0.427,0.55,0
26.42,0.817,0.817,0.429,0.55,0
26.44,0.815,0.815,0.432,0.55,0
26.46,0.813,0.813,0.436,0.55,0
26.48,0.81,0.81,0.441,0.55,0
26.5,0.807,0.807,0.446,0.55,0
26.52,0.803,0.803,0.453,0.55,0
26.54,0.799,0.799,0.46,0.55,0
26.56,0.794,0.794,0.467,0.55,0
26.58,0.79,0.79,0.474,0.55,0
26.6,0.785,0.785,0.483,0.55,0
26.62,0.779,0.779,0.492,0.55,0
26.64,0.775,0.775,0.499,0.55,0
26.66,0.77,0.77,0.507,0.55,0
26.68,0.764,0.764,0.516,0.55,0
26.7,0.759,0.759,0.525,0.55,0
26.72,0.754,0.754,0.534,0.55,0
26.74,0.749,0.749,0.541,0.55,0
26.76,0.745,0.745,0.548,0.55,0
26.78,0.741,0.741,0.555,0.55,0
26.8,0.738,0.738,0.56,0.55,0
26.82,0.735,0.735,0.565,0.55,0
26.84,0.731,0.731,0.57,0.55,0
26.86,0.729,0.729,0.574,0.55,0
26.88,0.729,0.729,0.575,0.55,0
26.9,0.728,0.728,0.577,0.55,0
26.92,0.727,0.727,0.579,0.55,0
26.94,0.727,0.727,0.579,0.55,0
26.96,0.729,0.729,0.577,0.55,0
26.98,0.73,0.73,0.575,0.55,0
27,0.733,0.733,0.572,0.55,0
27.02,0.735,0.735,0.568,0.55,0
27.04,0.738,0.738,0.565,0.55,0
27.06,0.741,0.741,0.56,0.55,0
27.08,0.745,0.745,0.555,0.55,0
27.1,0.75,0.75,0.548,0.55,0
27.12,0.755,0.755,0.541,0.55,0
27.14,0.76,0.76,0.534,0.55,0
27.16,0.766,0.766,0.525,0.55,0
27.18,0.771,0.771,0.518,0.55,0
27.2,0.777,0.777,0.509,0.55,0
27.22,0.782,0.782,0.5,0.55,0
27.24,0.788,0.788,0.492,0.55,0
27.26,0.794,0.794,0.483,0.55,0
27.28,0.8,0.8,0.474,0.55,0
27.3,0.806,0.806,0.466,0.55,0
27.32,0.812,0.812,0.457,0.55,0
27.34,0.817,0.817,0.45,0.55,0
27.36,0.822,0.822,0.443,0.55,0
27.38,0.827,0.827,0.436,0.55,0
27.4,0.831,0.831,0.431,0.55,0
27.42,0.833,0.833,0.427,0.55,0
27.44,0.837,0.837,0.422,0.55,0
27.46,0.838,0.838,0.42,0.55,0
27.48,0.84,0.84,0.418,0.55,0
27.5,0.84,0.84,0.418,0.55,0
27.52,0.84,0.84,0.418,0.55,0
27.54,0.839,0.839,0.42,0.55,0
27.56,0.838,0.838,0.422,0.55,0
27.58,0.836,0.836,0.425,0.55,0
27.6,0.833,0.833,0.431,0.55,0
27.62,0.83,0.83,0.436,0.55,0
27.64,0.826,0.826,0.443,0.55,0
27.66,0.822,0.822,0.45,0.55,0
27.68,0.817,0.817,0.457,0.55,0
27.7,0.812,0.812,0.466,0.55,0
27.72,0.805,0.805,0.476,0.55,0
27.74,0.799,0.799,0.486,0.55,0
27.76,0.792,0.792,0.497,0.55,0
27.78,0.785,0.785,0.507,0.55,0
27.8,0.779,0.779,0.518,0.55,0
27.82,0.772,0.772,0.528,0.55,0
27.84,0.766,0.766,0.539,0.55,0
27.86,0.759,0.759,0.549,0.55,0
27.88,0.752,0.752,0.56,0.55,0
27.9,0.747,0.747,0.568,0.55,0
27.92,0.742,0.742,0.577,0.55,0
27.94,0.736,0.736,0.586,0.55,0
27.96,0.732,0.732,0.593,0.55,0
27.98,0.729,0.729,0.598,0.55,0
28,0.725,0.725,0.603,0.55,0
28.02,0.723,0.723,0.607,0.55,0
28.04,0.721,0.721,0.61,0.55,0
28.06,0.72,0.72,0.612,0.55,0
28.08,0.721,0.721,0.612,0.55,0
28.1,0.722,0.722,0.61,0.55,0
28.12,0.723,0.723,0.609,0.55,0
28.14,0.725,0.725,0.607,0.55,0
28.16,0.728,0.728,0.602,0.55,0
28.18,0.732,0.732,0.596,0.55,0
28.2,0.736,0.736,0.591,0.55,0
28.22,0.74,0.74,0.584,0.55,0
28.24,0.746,0.746,0.575,0.55,0
28.26,0.752,0.752,0.567,0.55,0
28.28,0.758,0.758,0.558,0.55,0
28.3,0.765,0.765,0.548,0.55,0
28.32,0.772,0.772,0.537,0.55,0
28.34,0.779,0.779,0.527,0.55,0
28.36,0.787,0.787,0.514,0.55,0
28.38,0.795,0.795,0.504,0.55,0
28.4,0.803,0.803,0.492,0.55,0
28.42,0.81,0.81,0.481,0.55,0
28.44,0.817,0.817,0.471,0.55,0
28.46,0.824,0.824,0.46,0.55,0
28.48,0.831,0.831,0.45,0.55,0
28.5,0.837,0.837,0.441,0.55,0
28.52,0.843,0.843,0.432,0.55,0
28.54,0.848,0.848,0.425,0.55,0
28.56,0.851,0.851,0.42,0.55,0
28.58,0.855,0.855,0.415,0.55,0
28.6,0.859,0.859,0.41,0.55,0
28.62,0.86,0.86,0.408,0.55,0
28.64,0.861,0.861,0.406,0.55,0
28.66,0.861,0.861,0.406,0.55,0
28.68,0.861,0.861,0.408,0.55,0
28.7,0.858,0.858,0.411,0.55,0
28.72,0.856,0.856,0.415,0.55,0
28.74,0.853,0.853,0.42,0.55,0
28.76,0.849,0.849,0.427,0.55,0
28.78,0.844,0.844,0.434,0.55,0
28.8,0.838,0.838,0.445,0.55,0
28.82,0.832,0.832,0.453,0.55,0
28.84,0.825,0.825,0.466,0.55,0
28.86,0.818,0.818,0.476,0.55,0
28.88,0.81,0.81,0.488,0.55,0
28.9,0.801,0.801,0.502,0.55,0
28.92,0.793,0.793,0.514,0.55,0
28.94,0.784,0.784,0.528,0.55,0
28.96,0.777,0.777,0.541,0.55,0
28.98,0.768,0.768,0.555,0.55,0
29,0.76,0.76,0.567,0.55,0
29.02,0.752,0.752,0.579,0.55,0
29.04,0.744,0.744,0.591,0.55,0
29.06,0.737,0.737,0.603,0.55,0
29.08,0.731,0.731,0.612,0.55,0
29.1,0.724,0.724,0.623,0.55,0
29.12,0.72,0.72,0.63,0.55,0
29.14,0.716,0.716,0.637,0.55,0
29.16,0.712,0.712,0.642,0.55,0
29.18,0.71,0.71,0.645,0.55,0
29.2,0.709,0.709,0.647,0.55,0
29.22,0.708,0.708,0.649,0.55,0
29.24,0.71,0.71,0.647,0.55,0
29.26,0.712,0.712,0.644,0.55,0
29.28,0.714,0.714,0.64,0.55,0
29.3,0.718,0.718,0.635,0.55,0
29.32,0.724,0.724,0.626,0.55,0
29.34,0.73,0.73,0.617,0.55,0
29.36,0.736,0.736,0.609,0.55,0
29.38,0.744,0.744,0.596,0.55,0
29.4,0.752,0.752,0.584,0.55,0
29.42,0.76,0.76,0.572,0.55,0
29.44,0.769,0.769,0.558,0.55,0
29.46,0.779,0.779,0.544,0.55,0
29.48,0.789,0.789,0.528,0.55,0
29.5,0.8,0.8,0.513,0.55,0
29.52,0.809,0.809,0.499,0.55,0
29.54,0.819,0.819,0.483,0.55,0
29.56,0.829,0.829,0.469,0.55,0
29.58,0.838,0.838,0.455,0.55,0
29.6,0.847,0.847,0.441,0.55,0
29.62,0.855,0.855,0.429,0.55,0
29.64,0.864,0.864,0.417,0.55,0
29.66,0.871,0.871,0.406,0.55,0
29.68,0.876,0.876,0.397,0.55,0
29.7,0.881,0.881,0.39,0.55,0
29.72,0.886,0.886,0.383,0.55,0
29.74,0.888,0.888,0.38,0.55,0
29.76,0.89,0.89,0.378,0.55,0
29.78,0.891,0.891,0.377,0.55,0
29.8,0.89,0.89,0.378,0.55,0
29.82,0.888,0.888,0.382,0.55,0
29.84,0.885,0.885,0.387,0.55,0
29.86,0.88,0.88,0.394,0.55,0
29.88,0.875,0.875,0.403,0.55,0
29.9,0.868,0.868,0.413,0.55,0
29.92,0.86,0.86,0.425,0.55,0
29.94,0.852,0.852,0.438,0.55,0
29.96,0.842,0.842,0.453,0.55,0
29.98,0.832,0.832,0.469,0.55,0
30,0.822,0.822,0.485,0.55,0
30.02,0.811,0.811,0.502,0.55,0
30.04,0.9,0.8,0.52,0.55,0.1
30.06,0.888,0.788,0.537,0.55,0.1
30.08,0.877,0.777,0.555,0.55,0.1
30.1,0.865,0.765,0.574,0.55,0.1
30.12,0.853,0.753,0.591,0.55,0.1
30.14,0.841,0.741,0.61,0.55,0.1
30.16,0.83,0.73,0.628,0.55,0.1
30.18,0.818,0.718,0.645,0.55,0.1
30.2,0.807,0.707,0.663,0.55,0.1
30.22,0.797,0.697,0.678,0.55,0.1
30.24,0.787,0.687,0.694,0.55,0.1
30.26,0.778,0.678,0.708,0.55,0.1
30.28,0.769,0.669,0.722,0.55,0.1
30.3,0.761,0.661,0.734,0.55,0.1
30.32,0.754,0.654,0.745,0.55,0.1
30.34,0.749,0.649,0.754,0.55,0.1
30.36,0.744,0.644,0.76,0.55,0.1
30.38,0.741,0.641,0.766,0.55,0.1
30.4,0.739,0.639,0.769,0.55,0.1
30.42,0.737,0.637,0.771,0.55,0.1
30.44,0.738,0.638,0.771,0.55,0.1
30.46,0.74,0.64,0.767,0.55,0.1
30.48,0.742,0.642,0.764,0.55,0.1
30.5,0.747,0.647,0.757,0.55,0.1
30.52,0.753,0.653,0.748,0.55,0.1
30.54,0.759,0.659,0.738,0.55,0.1
30.56,0.769,0.669,0.724,0.55,0.1
30.58,0.778,0.678,0.71,0.55,0.1
30.6,0.788,0.688,0.694,0.55,0.1
30.62,0.798,0.698,0.678,0.55,0.1
30.64,0.81,0.71,0.661,0.55,0.1
30.66,0.822,0.722,0.642,0.55,0.1
30.68,0.835,0.735,0.623,0.55,0.1
30.7,0.849,0.749,0.602,0.55,0.1
30.72,0.861,0.761,0.582,0.55,0.1
30.74,0.875,0.775,0.562,0.55,0.1
30.76,0.889,0.789,0.541,0.55,0.1
30.78,0.901,0.801,0.521,0.55,0.1
30.8,0.914,0.814,0.502,0.55,0.1
30.82,0.925,0.825,0.485,0.55,0.1
30.84,0.937,0.837,0.467,0.55,0.1
30.86,0.946,0.846,0.453,0.55,0.1
30.88,0.955,0.855,0.439,0.55,0.1
30.9,0.963,0.863,0.427,0.55,0.1
30.92,0.97,0.87,0.417,0.55,0.1
30.94,0.976,0.876,0.408,0.55,0.1
30.96,0.98,0.88,0.401,0.55,0.1
30.98,0.983,0.883,0.397,0.55,0.1
31,0.984,0.884,0.396,0.55,0.1
31.02,0.983,0.883,0.397,0.55,0.1
31.04,0.98,0.88,0.401,0.55,0.1
31.06,0.977,0.877,0.406,0.55,0.1
31.08,0.972,0.872,0.413,0.55,0.1
31.1,0.966,0.866,0.424,0.55,0.1
31.12,0.958,0.858,0.436,0.55,0.1
31.14,0.947,0.847,0.452,0.55,0.1
31.16,0.937,0.837,0.467,0.55,0.1
31.18,0.926,0.826,0.485,0.55,0.1
31.2,0.912,0.812,0.506,0.55,0.1
31.22,0.899,0.799,0.525,0.55,0.1
31.24,0.885,0.785,0.548,0.55,0.1
31.26,0.871,0.771,0.568,0.55,0.1
31.28,0.856,0.756,0.591,0.55,0.1
31.3,0.84,0.74,0.616,0.55,0.1
31.32,0.825,0.725,0.638,0.55,0.1
31.34,0.81,0.71,0.661,0.55,0.1
31.36,0.796,0.696,0.684,0.55,0.1
31.38,0.782,0.682,0.705,0.55,0.1
31.4,0.769,0.669,0.724,0.55,0.1
31.42,0.757,0.657,0.743,0.55,0.1
31.44,0.745,0.645,0.76,0.55,0.1
31.46,0.735,0.635,0.776,0.55,0.1
31.48,0.726,0.626,0.79,0.55,0.1
31.5,0.718,0.618,0.802,0.55,0.1
31.52,0.712,0.612,0.811,0.55,0.1
31.54,0.707,0.607,0.818,0.55,0.1
31.56,0.705,0.605,0.822,0.55,0.1
31.58,0.704,0.604,0.823,0.55,0.1
31.6,0.704,0.604,0.823,0.55,0.1
31.62,0.706,0.606,0.82,0.55,0.1
31.64,0.709,0.609,0.815,0.55,0.1
31.66,0.715,0.615,0.806,0.55,0.1
31.68,0.723,0.623,0.794,0.55,0.1
31.7,0.731,0.631,0.781,0.55,0.1
31.72,0.741,0.641,0.766,0.55,0.1
31.74,0.753,0.653,0.747,0.55,0.1
31.76,0.766,0.666,0.727,0.55,0.1
31.78,0.779,0.679,0.706,0.55,0.1
31.8,0.794,0.694,0.684,0.55,0.1
31.82,0.81,0.71,0.659,0.55,0.1
31.84,0.827,0.727,0.633,0.55,0.1
31.86,0.844,0.744,0.607,0.55,0.1
31.88,0.861,0.761,0.581,0.55,0.1
31.9,0.878,0.778,0.555,0.55,0.1
31.92,0.896,0.796,0.527,0.55,0.1
31.94,0.913,0.813,0.5,0.55,0.1
31.96,0.929,0.829,0.476,0.55,0.1
31.98,0.945,0.845,0.452,0.55,0.1
32,0.96,0.86,0.429,0.55,0.1
32.02,0.973,0.873,0.408,0.55,0.1
32.04,0.985,0.885,0.39,0.55,0.1
32.06,0.996,0.896,0.373,0.55,0.1
32.08,1.005,0.905,0.359,0.55,0.1
32.1,1.012,0.912,0.349,0.55,0.1
32.12,1.017,0.917,0.34,0.55,0.1
32.14,1.021,0.921,0.335,0.55,0.1
32.16,1.022,0.922,0.333,0.55,0.1
32.18,1.022,0.922,0.333,0.55,0.1
32.2,1.018,0.918,0.338,0.55,0.1
32.22,1.014,0.914,0.345,0.55,0.1
32.24,1.008,0.908,0.354,0.55,0.1
32.26,0.999,0.899,0.368,0.55,0.1
32.28,0.988,0.888,0.383,0.55,0.1
32.3,0.976,0.876,0.403,0.55,0.1
32.32,0.963,0.863,0.422,0.55,0.1
32.34,0.947,0.847,0.446,0.55,0.1
32.36,0.931,0.831,0.471,0.55,0.1
32.38,0.914,0.814,0.497,0.55,0.1
32.4,0.896,0.796,0.525,0.55,0.1
32.42,0.877,0.777,0.553,0.55,0.1
32.44,0.858,0.758,0.582,0.55,0.1
32.46,0.838,0.738,0.612,0.55,0.1
32.48,0.819,0.719,0.642,0.55,0.1
32.5,0.799,0.699,0.671,0.55,0.1
32.52,0.781,0.681,0.699,0.55,0.1
32.54,0.763,0.663,0.727,0.55,0.1
32.56,0.745,0.645,0.754,0.55,0.1
32.58,0.729,0.629,0.778,0.55,0.1
32.6,0.714,0.614,0.801,0.55,0.1
32.62,0.702,0.602,0.82,0.55,0.1
32.64,0.689,0.589,0.839,0.55,0.1
32.66,0.679,0.579,0.855,0.55,0.1
32.68,0.67,0.57,0.867,0.55,0.1
32.7,0.665,0.565,0.876,0.55,0.1
32.72,0.66,0.56,0.883,0.55,0.1
32.74,0.657,0.557,0.886,0.55,0.1
32.76,0.657,0.557,0.886,0.55,0.1
32.78,0.658,0.558,0.884,0.55,0.1
32.8,0.663,0.563,0.877,0.55,0.1
32.82,0.668,0.568,0.869,0.55,0.1
32.84,0.676,0.576,0.856,0.55,0.1
32.86,0.686,0.586,0.841,0.55,0.1
32.88,0.697,0.597,0.823,0.55,0.1
32.9,0.711,0.611,0.802,0.55,0.1
32.92,0.727,0.627,0.778,0.55,0.1
32.94,0.744,0.644,0.752,0.55,0.1
32.96,0.762,0.662,0.724,0.55,0.1
32.98,0.781,0.681,0.694,0.55,0.1
33,0.8,0.7,0.664,0.55,0.1
33.02,0.822,0.722,0.631,0.55,0.1
33.04,0.843,0.743,0.598,0.55,0.1
33.06,0.865,0.765,0.565,0.55,0.1
33.08,0.886,0.786,0.532,0.55,0.1
33.1,0.908,0.808,0.499,0.55,0.1
33.12,0.93,0.83,0.466,0.55,0.1
33.14,0.949,0.849,0.436,0.55,0.1
33.16,0.968,0.868,0.406,0.55,0.1
33.18,0.986,0.886,0.378,0.55,0.1
33.2,1.002,0.902,0.354,0.55,0.1
33.22,1.017,0.917,0.331,0.55,0.1
33.24,1.029,0.929,0.312,0.55,0.1
33.26,1.039,0.939,0.296,0.55,0.1
33.28,1.047,0.947,0.284,0.55,0.1
33.3,1.05,0.953,0.275,0.55,0.1
33.32,1.05,0.956,0.27,0.55,0.1
33.34,1.05,0.957,0.268,0.55,0.1
33.36,1.05,0.955,0.272,0.55,0.1
33.38,1.05,0.951,0.277,0.55,0.1
33.4,1.043,0.943,0.289,0.55,0.1
33.42,1.034,0.934,0.303,0.55,0.1
33.44,1.022,0.922,0.321,0.55,0.1
33.46,1.009,0.909,0.342,0.55,0.1
33.48,0.991,0.891,0.368,0.55,0.1
33.5,0.974,0.874,0.394,0.55,0.1
33.52,0.953,0.853,0.425,0.55,0.1
33.54,0.933,0.833,0.457,0.55,0.1
33.56,0.91,0.81,0.492,0.55,0.1
33.58,0.887,0.787,0.527,0.55,0.1
33.6,0.863,0.763,0.563,0.55,0.1
33.62,0.839,0.739,0.6,0.55,0.1
33.64,0.815,0.715,0.637,0.55,0.1
33.66,0.79,0.69,0.673,0.55,0.1
33.68,0.766,0.666,0.71,0.55,0.1
33.7,0.745,0.645,0.743,0.55,0.1
33.72,0.723,0.623,0.776,0.55,0.1
33.74,0.702,0.602,0.808,0.55,0.1
33.76,0.683,0.583,0.837,0.55,0.1
33.78,0.665,0.565,0.863,0.55,0.1
33.8,0.65,0.55,0.886,0.55,0.1
33.82,0.638,0.538,0.905,0.55,0.1
33.84,0.626,0.526,0.923,0.55,0.1
33.86,0.618,0.518,0.935,0.55,0.1
33.88,0.612,0.512,0.944,0.55,0.1
33.9,0.608,0.508,0.949,0.55,0.1
33.92,0.607,0.507,0.951,0.55,0.1
33.94,0.609,0.509,0.947,0.55,0.1
33.96,0.613,0.513,0.94,0.55,0.1
33.98,0.62,0.52,0.93,0.55,0.1
34,0.63,0.53,0.914,0.55,0.1
34.02,0.643,0.543,0.895,0.55,0.1
34.04,0.656,0.556,0.874,0.55,0.1
34.06,0.673,0.573,0.848,0.55,0.1
34.08,0.691,0.591,0.82,0.55,0.1
34.1,0.713,0.613,0.787,0.55,0.1
34.12,0.734,0.634,0.754,0.55,0.1
34.14,0.758,0.658,0.717,0.55,0.1
34.16,0.783,0.683,0.678,0.55,0.1
34.18,0.809,0.709,0.638,0.55,0.1
34.2,0.836,0.736,0.596,0.55,0.1
34.22,0.863,0.763,0.555,0.55,0.1
34.24,0.89,0.79,0.513,0.55,0.1
34.26,0.918,0.818,0.471,0.55,0.1
34.28,0.944,0.844,0.431,0.55,0.1
34.3,0.97,0.87,0.39,0.55,0.1
34.32,0.994,0.894,0.354,0.55,0.1
34.34,1.016,0.916,0.319,0.55,0.1
34.36,1.038,0.938,0.286,0.55,0.1
34.38,1.05,0.956,0.258,0.55,0.1
34.4,1.05,0.972,0.233,0.55,0.1
34.42,1.05,0.985,0.212,0.55,0.1
34.44,1.05,0.997,0.195,0.55,0.1
34.46,1.05,1.003,0.185,0.55,0.1
34.48,1.05,1.008,0.178,0.55,0.1
34.5,1.05,1.009,0.176,0.55,0.1
34.52,1.05,1.008,0.178,0.55,0.1
34.54,1.05,1.003,0.185,0.55,0.1
34.56,1.05,0.995,0.197,0.55,0.1
34.58,1.05,0.984,0.212,0.55,0.1
34.6,1.05,0.971,0.233,0.55,0.1
34.62,1.05,0.955,0.258,0.55,0.1
34.64,1.036,0.936,0.286,0.55,0.1
34.66,1.014,0.914,0.319,0.55,0.1
34.68,0.993,0.893,0.352,0.55,0.1
34.7,0.967,0.867,0.39,0.55,0.1
34.72,0.941,0.841,0.431,0.55,0.1
34.74,0.912,0.812,0.474,0.55,0.1
34.76,0.884,0.784,0.518,0.55,0.1
34.78,0.854,0.754,0.563,0.55,0.1
34.8,0.823,0.723,0.61,0.55,0.1
34.82,0.793,0.693,0.656,0.55,0.1
34.84,0.763,0.663,0.701,0.55,0.1
34.86,0.734,0.634,0.747,0.55,0.1
34.88,0.706,0.606,0.788,0.55,0.1
34.9,0.679,0.579,0.83,0.55,0.1
34.92,0.653,0.553,0.869,0.55,0.1
34.94,0.63,0.53,0.904,0.55,0.1
34.96,0.61,0.51,0.935,0.55,0.1
34.98,0.591,0.491,0.963,0.55,0.1
35,0.575,0.475,0.987,0.55,0.1
35.02,0.562,0.462,1.007,0.55,0.1
35.04,0.552,0.452,1.022,0.55,0.1
35.06,0.545,0.445,1.033,0.55,0.1
35.08,0.54,0.44,1.04,0.55,0.1
35.1,0.539,0.439,1.041,0.55,0.1
35.12,0.541,0.441,1.038,0.55,0.1
35.14,0.546,0.446,1.029,0.55,0.1
35.16,0.555,0.455,1.015,0.55,0.1
35.18,0.567,0.467,0.998,0.55,0.1
35.2,0.581,0.481,0.975,0.55,0.1
35.22,0.599,0.499,0.947,0.55,0.1
35.24,0.62,0.52,0.916,0.55,0.1
35.26,0.642,0.542,0.881,0.55,0.1
35.28,0.667,0.567,0.843,0.55,0.1
35.3,0.695,0.595,0.799,0.55,0.1
35.32,0.725,0.625,0.754,0.55,0.1
35.34,0.756,0.656,0.706,0.55,0.1
35.36,0.788,0.688,0.656,0.55,0.1
35.38,0.821,0.721,0.605,0.55,0.1
35.4,0.855,0.755,0.553,0.55,0.1
35.42,0.889,0.789,0.5,0.55,0.1
35.44,0.924,0.824,0.448,0.55,0.1
35.46,0.956,0.856,0.397,0.55,0.1
35.48,0.989,0.889,0.347,0.55,0.1
35.5,1.02,0.92,0.3,0.55,0.1
35.52,1.048,0.948,0.256,0.55,0.1
35.54,1.05,0.974,0.216,0.55,0.1
35.56,1.05,0.998,0.179,0.55,0.1
35.58,1.05,1.019,0.148,0.55,0.1
35.6,1.05,1.036,0.122,0.55,0.1
35.62,1.05,1.049,0.101,0.55,0.1
35.64,1.05,1.059,0.085,0.55,0.1
35.66,1.05,1.066,0.075,0.55,0.1
35.68,1.05,1.068,0.071,0.55,0.1
35.7,1.05,1.068,0.071,0.55,0.1
35.72,1.05,1.064,0.078,0.55,0.1
35.74,1.05,1.055,0.09,0.55,0.1
35.76,1.05,1.044,0.108,0.55,0.1
35.78,1.05,1.028,0.132,0.55,0.1
35.8,1.05,1.01,0.16,0.55,0.1
35.82,1.05,0.989,0.192,0.55,0.1
35.84,1.05,0.965,0.228,0.55,0.1
35.86,1.037,0.937,0.27,0.55,0.1
35.88,1.009,0.909,0.314,0.55,0.1
35.9,0.978,0.878,0.361,0.55,0.1
35.92,0.946,0.846,0.41,0.55,0.1
35.94,0.912,0.812,0.462,0.55,0.1
35.96,0.876,0.776,0.516,0.55,0.1
35.98,0.841,0.741,0.57,0.55,0.1
36,0.804,0.704,0.626,0.55,0.1
36.02,0.769,0.669,0.68,0.55,0.1
36.04,0.733,0.633,0.734,0.55,0.1
36.06,0.698,0.598,0.788,0.55,0.1
36.08,0.664,0.564,0.839,0.55,0.1
36.1,0.633,0.533,0.886,0.55,0.1
36.12,0.604,0.504,0.932,0.55,0.1
36.14,0.577,0.477,0.972,0.55,0.1
36.16,0.552,0.452,1.01,0.55,0.1
36.18,0.531,0.431,1.041,0.55,0.1
36.2,0.512,0.412,1.071,0.55,0.1
36.22,0.497,0.397,1.094,0.55,0.1
36.24,0.485,0.385,1.111,0.55,0.1
36.26,0.476,0.376,1.125,0.55,0.1
36.28,0.471,0.371,1.132,0.55,0.1
36.3,0.47,0.37,1.134,0.55,0.1
36.32,0.472,0.372,1.13,0.55,0.1
36.34,0.477,0.377,1.122,0.55,0.1
36.36,0.486,0.386,1.108,0.55,0.1
36.38,0.5,0.4,1.087,0.55,0.1
36.4,0.516,0.416,1.062,0.55,0.1
36.42,0.536,0.436,1.031,0.55,0.1
36.44,0.559,0.459,0.996,0.55,0.1
36.46,0.585,0.485,0.956,0.55,0.1
36.48,0.613,0.513,0.912,0.55,0.1
36.5,0.645,0.545,0.863,0.55,0.1
36.52,0.68,0.58,0.809,0.55,0.1
36.54,0.716,0.616,0.754,0.55,0.1
36.56,0.754,0.654,0.696,0.55,0.1
36.58,0.793,0.693,0.635,0.55,0.1
36.6,0.834,0.734,0.572,0.55,0.1
36.62,0.875,0.775,0.509,0.55,0.1
36.64,0.916,0.816,0.446,0.55,0.1
36.66,0.957,0.857,0.383,0.55,0.1
36.68,0.995,0.895,0.324,0.55,0.1
36.7,1.034,0.934,0.265,0.55,0.1
36.72,1.05,0.969,0.211,0.55,0.1
36.74,1.05,1.002,0.16,0.55,0.1
36.76,1.05,1.033,0.113,0.55,0.1
36.78,1.05,1.059,0.073,0.55,0.1
36.8,1.05,1.082,0.038,0.55,0.1
36.82,1.05,1.102,0.007,0.55,0.1
36.84,1.05,1.117,-0.016,0.55,0.1
36.86,1.05,1.128,-0.034,0.55,0.1
36.88,1.05,1.135,-0.044,0.55,0.1
36.9,1.05,1.137,-0.048,0.55,0.1
36.92,1.05,1.136,-0.046,0.55,0.1
36.94,1.05,1.129,-0.035,0.55,0.1
36.96,1.05,1.119,-0.02,0.55,0.1
36.98,1.05,1.104,0.003,0.55,0.1
37,1.05,1.085,0.031,0.55,0.1
37.02,1.05,1.064,0.064,0.55,0.1
37.04,1.05,1.037,0.104,0.55,0.1
37.06,1.05,1.008,0.15,0.55,0.1
37.08,1.05,0.976,0.198,0.55,0.1
37.1,1.041,0.941,0.251,0.55,0.1
37.12,1.004,0.904,0.308,0.55,0.1
37.14,0.965,0.865,0.368,0.55,0.1
37.16,0.924,0.824,0.431,0.55,0.1
37.18,0.883,0.783,0.493,0.55,0.1
37.2,0.84,0.74,0.558,0.55,0.1
37.22,0.797,0.697,0.624,0.55,0.1
37.24,0.753,0.653,0.691,0.55,0.1
37.26,0.711,0.611,0.755,0.55,0.1
37.28,0.67,0.57,0.818,0.55,0.1
37.3,0.63,0.53,0.879,0.55,0.1
37.32,0.592,0.492,0.937,0.55,0.1
37.34,0.557,0.457,0.991,0.55,0.1
37.36,0.525,0.425,1.04,0.55,0.1
37.38,0.495,0.395,1.085,0.55,0.1
37.4,0.467,0.367,1.127,0.55,0.1
37.42,0.444,0.344,1.162,0.55,0.1
37.44,0.426,0.326,1.19,0.55,0.1
37.46,0.41,0.31,1.214,0.55,0.1
37.48,0.398,0.298,1.232,0.55,0.1
37.5,0.391,0.291,1.242,0.55,0.1
37.52,0.388,0.288,1.247,0.55,0.1
37.54,0.389,0.289,1.246,0.55,0.1
37.56,0.393,0.293,1.239,0.55,0.1
37.58,0.403,0.303,1.223,0.55,0.1
37.6,0.415,0.315,1.204,0.55,0.1
37.62,0.433,0.333,1.176,0.55,0.1
37.64,0.455,0.355,1.143,0.55,0.1
37.66,0.48,0.38,1.104,0.55,0.1
37.68,0.508,0.408,1.061,0.55,0.1
37.7,0.541,0.441,1.01,0.55,0.1
37.72,0.576,0.476,0.956,0.55,0.1
37.74,0.615,0.515,0.897,0.55,0.1
37.76,0.657,0.557,0.832,0.55,0.1
37.78,0.7,0.6,0.766,0.55,0.1
37.8,0.745,0.645,0.696,0.55,0.1
37.82,0.793,0.693,0.623,0.55,0.1
37.84,0.842,0.742,0.548,0.55,0.1
37.86,0.891,0.791,0.473,0.55,0.1
37.88,0.94,0.84,0.397,0.55,0.1
37.9,0.987,0.887,0.324,0.55,0.1
37.92,1.034,0.934,0.253,0.55,0.1
37.94,1.05,0.978,0.185,0.55,0.1
37.96,1.05,1.021,0.118,0.55,0.1
37.98,1.05,1.06,0.059,0.55,0.1
38,1.05,1.094,0.007,0.55,0.1
38.02,1.05,1.126,-0.042,0.55,0.1
38.04,1.05,1.153,-0.084,0.55,0.1
38.06,1.05,1.176,-0.119,0.55,0.1
38.08,1.05,1.193,-0.145,0.55,0.1
38.1,1.05,1.206,-0.165,0.55,0.1
38.12,1.05,1.213,-0.177,0.55,0.1
38.14,1.05,1.216,-0.18,0.55,0.1
38.16,1.05,1.213,-0.177,0.55,0.1
38.18,1.05,1.206,-0.166,0.55,0.1
38.2,1.05,1.194,-0.147,0.55,0.1
38.22,1.05,1.176,-0.119,0.55,0.1
38.24,1.05,1.154,-0.086,0.55,0.1
38.26,1.05,1.128,-0.046,0.55,0.1
38.28,1.05,1.097,0.001,0.55,0.1
38.3,1.05,1.062,0.054,0.55,0.1
38.32,1.05,1.025,0.111,0.55,0.1
38.34,1.05,0.985,0.172,0.55,0.1
38.36,1.042,0.942,0.239,0.55,0.1
38.38,0.995,0.895,0.31,0.55,0.1
38.4,0.948,0.848,0.382,0.55,0.1
38.42,0.899,0.799,0.457,0.55,0.1
38.44,0.849,0.749,0.534,0.55,0.1
38.46,0.798,0.698,0.61,0.55,0.1
38.48,0.747,0.647,0.689,0.55,0.1
38.5,0.697,0.597,0.766,0.55,0.1
38.52,0.648,0.548,0.841,0.55,0.1
38.54,0.6,0.5,0.914,0.55,0.1
38.56,0.554,0.454,0.984,0.55,0.1
38.58,0.511,0.411,1.05,0.55,0.1
38.6,0.471,0.371,1.111,0.55,0.1
38.62,0.434,0.334,1.167,0.55,0.1
38.64,0.401,0.301,1.218,0.55,0.1
38.66,0.371,0.271,1.263,0.55,0.1
38.68,0.346,0.246,1.302,0.55,0.1
38.7,0.324,0.224,1.335,0.55,0.1
38.72,0.307,0.207,1.361,0.55,0.1
38.74,0.294,0.194,1.38,0.55,0.1
38.76,0.286,0.186,1.392,0.55,0.1
38.78,0.282,0.182,1.398,0.55,0.1
38.8,0.283,0.183,1.396,0.55,0.1
38.82,0.288,0.188,1.387,0.55,0.1
38.84,0.299,0.199,1.371,0.55,0.1
38.86,0.314,0.214,1.347,0.55,0.1
38.88,0.333,0.233,1.317,0.55,0.1
38.9,0.357,0.257,1.281,0.55,0.1
38.92,0.385,0.285,1.237,0.55,0.1
38.94,0.418,0.318,1.186,0.55,0.1
38.96,0.456,0.356,1.129,0.55,0.1
38.98,0.496,0.396,1.066,0.55,0.1
39,0.541,0.441,0.998,0.55,0.1
39.02,0.589,0.489,0.923,0.55,0.1
39.04,0.64,0.54,0.844,0.55,0.1
39.06,0.694,0.594,0.762,0.55,0.1
39.08,0.751,0.651,0.675,0.55,0.1
39.1,0.807,0.707,0.588,0.55,0.1
39.12,0.866,0.766,0.497,0.55,0.1
39.14,0.926,0.826,0.406,0.55,0.1
39.16,0.985,0.885,0.315,0.55,0.1
39.18,1.043,0.943,0.226,0.55,0.1
39.2,1.05,0.997,0.143,0.55,0.1
39.22,1.05,1.051,0.061,0.55,0.1
39.24,1.05,1.1,-0.014,0.55,0.1
39.26,1.05,1.144,-0.083,0.55,0.1
39.28,1.05,1.186,-0.147,0.55,0.1
39.3,1.05,1.221,-0.201,0.55,0.1
39.32,1.05,1.253,-0.25,0.55,0.1
39.34,1.05,1.278,-0.288,0.55,0.1
39.36,1.05,1.299,-0.32,0.55,0.1
39.38,1.05,1.312,-0.341,0.55,0.1
39.4,1.05,1.32,-0.353,0.55,0.1
39.42,1.05,1.322,-0.357,0.55,0.1
39.44,1.05,1.318,-0.35,0.55,0.1
39.46,1.05,1.307,-0.334,0.55,0.1
39.48,1.05,1.291,-0.309,0.55,0.1
39.5,1.05,1.27,-0.276,0.55,0.1
39.52,1.05,1.243,-0.236,0.55,0.1
39.54,1.05,1.211,-0.187,0.55,0.1
39.56,1.05,1.174,-0.13,0.55,0.1
39.58,1.05,1.133,-0.067,0.55,0.1
39.6,1.05,1.087,0.003,0.55,0.1
39.62,1.05,1.038,0.078,0.55,0.1
39.64,1.05,0.986,0.158,0.55,0.1
39.66,1.031,0.931,0.242,0.55,0.1
39.68,0.974,0.874,0.329,0.55,0.1
39.7,0.915,0.815,0.42,0.55,0.1
39.72,0.855,0.755,0.511,0.55,0.1
39.74,0.795,0.695,0.603,0.55,0.1
39.76,0.734,0.634,0.696,0.55,0.1
39.78,0.675,0.575,0.787,0.55,0.1
39.8,0.616,0.516,0.877,0.55,0.1
39.82,0.56,0.46,0.963,0.55,0.1
39.84,0.505,0.405,1.047,0.55,0.1
39.86,0.452,0.352,1.127,0.55,0.1
39.88,0.404,0.304,1.2,0.55,0.1
39.9,0.36,0.26,1.268,0.55,0.1
39.92,0.32,0.22,1.329,0.55,0.1
39.94,0.283,0.183,1.385,0.55,0.1
39.96,0.252,0.152,1.432,0.55,0.1
39.98,0.225,0.125,1.474,0.55,0.1
40,0.202,0.102,1.509,0.55,0.1
40.02,0.184,0.084,1.535,0.55,0.1
40.04,0.172,0.072,1.555,0.55,0.1
40.06,0.165,0.065,1.565,0.55,0.1
40.08,0.162,0.062,1.569,0.55,0.1
40.1,0.165,0.065,1.563,0.55,0.1
40.12,0.173,0.073,1.551,0.55,0.1
40.14,0.186,0.086,1.53,0.55,0.1
40.16,0.204,0.104,1.502,0.55,0.1
40.18,0.228,0.128,1.466,0.55,0.1
40.2,0.256,0.156,1.422,0.55,0.1
40.22,0.29,0.19,1.37,0.55,0.1
40.24,0.329,0.229,1.31,0.55,0.1
40.26,0.372,0.272,1.244,0.55,0.1
40.28,0.419,0.319,1.171,0.55,0.1
40.3,0.471,0.371,1.09,0.55,0.1
40.32,0.527,0.427,1.005,0.55,0.1
40.34,0.587,0.487,0.912,0.55,0.1
40.36,0.651,0.551,0.815,0.55,0.1
40.38,0.715,0.615,0.715,0.55,0.1
40.4,0.783,0.683,0.61,0.55,0.1
40.42,0.853,0.753,0.504,0.55,0.1
40.44,0.923,0.823,0.396,0.55,0.1
40.46,0.993,0.893,0.289,0.55,0.1
40.48,1.05,0.962,0.183,0.55,0.1
40.5,1.05,1.028,0.082,0.55,0.1
40.52,1.05,1.092,-0.016,0.55,0.1
40.54,1.05,1.151,-0.107,0.55,0.1
40.56,1.05,1.205,-0.191,0.55,0.1
40.58,1.05,1.255,-0.268,0.55,0.1
40.6,1.05,1.301,-0.337,0.55,0.1
40.62,1.05,1.339,-0.397,0.55,0.1
40.64,1.05,1.371,-0.446,0.55,0.1
40.66,1.05,1.397,-0.486,0.55,0.1
40.68,1.05,1.416,-0.514,0.55,0.1
40.7,1.05,1.428,-0.533,0.55,0.1
40.72,1.05,1.432,-0.54,0.55,0.1
40.74,1.05,1.43,-0.536,0.55,0.1
40.76,1.05,1.421,-0.522,0.55,0.1
40.78,1.05,1.405,-0.498,0.55,0.1
40.8,1.05,1.382,-0.463,0.55,0.1
40.82,1.05,1.354,-0.419,0.55,0.1
40.84,1.05,1.318,-0.365,0.55,0.1
40.86,1.05,1.277,-0.302,0.55,0.1
40.88,1.05,1.232,-0.233,0.55,0.1
40.9,1.05,1.18,-0.154,0.55,0.1
40.92,1.05,1.124,-0.069,0.55,0.1
40.94,1.05,1.065,0.022,0.55,0.1
40.96,1.05,1.002,0.118,0.55,0.1
40.98,1.036,0.936,0.219,0.55,0.1
41,0.969,0.869,0.322,0.55,0.1
41.02,0.9,0.8,0.429,0.55,0.1
41.04,0.83,0.73,0.535,0.55,0.1
41.06,0.759,0.659,0.644,0.55,0.1
41.08,0.689,0.589,0.752,0.55,0.1
41.1,0.62,0.52,0.856,0.55,0.1
41.12,0.552,0.452,0.961,0.55,0.1
41.14,0.487,0.387,1.061,0.55,0.1
41.16,0.425,0.325,1.155,0.55,0.1
41.18,0.366,0.266,1.246,0.55,0.1
41.2,0.311,0.211,1.329,0.55,0.1
41.22,0.259,0.159,1.408,0.55,0.1
41.24,0.214,0.114,1.478,0.55,0.1
41.26,0.171,0.071,1.542,0.55,0.1
41.28,0.135,0.035,1.598,0.55,0.1
41.3,0.104,0.004,1.645,0.55,0.1
41.32,0.076,-0.024,1.687,0.55,0.1
41.34,0.055,-0.045,1.719,0.55,0.1
41.36,0.039,-0.061,1.743,0.55,0.1
41.38,0.029,-0.071,1.759,0.55,0.1
41.4,0.024,-0.076,1.766,0.55,0.1
41.42,0.024,-0.076,1.766,0.55,0.1
41.44,0.029,-0.071,1.757,0.55,0.1
41.46,0.04,-0.06,1.74,0.55,0.1
41.48,0.057,-0.043,1.713,0.55,0.1
41.5,0.078,-0.022,1.68,0.55,0.1
41.52,0.105,0.005,1.638,0.55,0.1
41.54,0.138,0.038,1.588,0.55,0.1
41.56,0.176,0.076,1.528,0.55,0.1
41.58,0.22,0.12,1.46,0.55,0.1
41.6,0.269,0.169,1.385,0.55,0.1
41.62,0.323,0.223,1.302,0.55,0.1
41.64,0.383,0.283,1.209,0.55,0.1
41.66,0.449,0.349,1.108,0.55,0.1
41.68,0.519,0.419,1,0.55,0.1
41.7,0.594,0.494,0.884,0.55,0.1
41.72,0.673,0.573,0.762,0.55,0.1
41.74,0.756,0.656,0.635,0.55,0.1
41.76,0.844,0.744,0.5,0.55,0.1
41.78,0.934,0.834,0.363,0.55,0.1
41.8,1.026,0.926,0.221,0.55,0.1
41.82,1.05,1.02,0.076,0.55,0.1
41.84,1.05,1.113,-0.067,0.55,0.1
41.86,1.05,1.208,-0.212,0.55,0.1
41.88,1.05,1.301,-0.355,0.55,0.1
41.9,1.05,1.392,-0.494,0.55,0.1
41.92,1.05,1.481,-0.631,0.55,0.1
41.94,1.05,1.568,-0.763,0.55,0.1
41.96,1.05,1.651,-0.891,0.55,0.1
41.98,1.05,1.731,-1.013,0.55,0.1
42,1.05,1.806,-1.126,0.55,0.1
42.02,1.05,1.875,-1.233,0.55,0.1
42.04,1.05,1.94,-1.33,0.55,0.1
42.06,1.05,1.999,-1.421,0.55,0.1
42.08,1.05,2.052,-1.501,0.55,0.1
42.1,1.05,2.101,-1.575,0.55,0.1
42.12,1.05,2.143,-1.639,0.55,0.1
42.14,1.05,2.179,-1.693,0.55,0.1
42.16,1.05,2.211,-1.741,0.55,0.1
42.18,1.05,2.236,-1.779,0.55,0.1
42.2,1.05,2.256,-1.807,0.55,0.1
42.22,1.05,2.27,-1.828,0.55,0.1
42.24,1.05,2.279,-1.84,0.55,0.1
42.26,1.05,2.281,-1.842,0.55,0.1
42.28,1.05,2.279,-1.837,0.55,0.1
42.3,1.05,2.271,-1.823,0.55,0.1
42.32,1.05,2.258,-1.802,0.55,0.1
42.34,1.05,2.239,-1.77,0.55,0.1
42.36,1.05,2.216,-1.732,0.55,0.1
42.38,1.05,2.185,-1.683,0.55,0.1
42.4,1.05,2.15,-1.627,0.55,0.1
42.42,1.05,2.109,-1.563,0.55,0.1
42.44,1.05,2.063,-1.489,0.55,0.1
42.46,1.05,2.012,-1.409,0.55,0.1
42.48,1.05,1.956,-1.32,0.55,0.1
42.5,1.05,1.893,-1.222,0.55,0.1
42.52,1.05,1.827,-1.117,0.55,0.1
42.54,1.05,1.755,-1.006,0.55,0.1
42.56,1.05,1.68,-0.887,0.55,0.1
42.58,1.05,1.6,-0.763,0.55,0.1
42.6,1.05,1.518,-0.634,0.55,0.1
42.62,1.05,1.433,-0.501,0.55,0.1
42.64,1.05,1.346,-0.365,0.55,0.1
42.66,1.05,1.258,-0.227,0.55,0.1
42.68,1.05,1.168,-0.088,0.55,0.1
42.7,1.05,1.08,0.05,0.55,0.1
42.72,1.05,0.993,0.186,0.55,0.1
42.74,1.008,0.908,0.319,0.55,0.1
42.76,0.924,0.824,0.45,0.55,0.1
42.78,0.844,0.744,0.575,0.55,0.1
42.8,0.767,0.667,0.696,0.55,0.1
42.82,0.695,0.595,0.809,0.55,0.1
42.84,0.627,0.527,0.916,0.55,0.1
42.86,0.563,0.463,1.017,0.55,0.1
42.88,0.504,0.404,1.11,0.55,0.1
42.9,0.451,0.351,1.193,0.55,0.1
42.92,0.403,0.303,1.27,0.55,0.1
42.94,0.361,0.261,1.336,0.55,0.1
42.96,0.324,0.224,1.396,0.55,0.1
42.98,0.292,0.192,1.446,0.55,0.1
43,0.267,0.167,1.488,0.55,0.1
43.02,0.246,0.146,1.521,0.55,0.1
43.04,0.232,0.132,1.546,0.55,0.1
43.06,0.223,0.123,1.562,0.55,0.1
43.08,0.22,0.12,1.569,0.55,0.1
43.1,0.223,0.123,1.567,0.55,0.1
43.12,0.231,0.131,1.556,0.55,0.1
43.14,0.244,0.144,1.539,0.55,0.1
43.16,0.263,0.163,1.511,0.55,0.1
43.18,0.287,0.187,1.476,0.55,0.1
43.2,0.317,0.217,1.432,0.55,0.1
43.22,0.353,0.253,1.38,0.55,0.1
43.24,0.394,0.294,1.319,0.55,0.1
43.26,0.441,0.341,1.249,0.55,0.1
43.28,0.492,0.392,1.172,0.55,0.1
43.3,0.549,0.449,1.087,0.55,0.1
43.32,0.611,0.511,0.994,0.55,0.1
43.34,0.677,0.577,0.895,0.55,0.1
43.36,0.748,0.648,0.788,0.55,0.1
43.38,0.823,0.723,0.675,0.55,0.1
43.4,0.902,0.802,0.556,0.55,0.1
43.42,0.984,0.884,0.432,0.55,0.1
43.44,1.05,0.968,0.305,0.55,0.1
43.46,1.05,1.055,0.174,0.55,0.1
43.48,1.05,1.143,0.041,0.55,0.1
43.5,1.05,1.231,-0.091,0.55,0.1
43.52,1.05,1.318,-0.222,0.55,0.1
43.54,1.05,1.405,-0.353,0.55,0.1
43.56,1.05,1.489,-0.48,0.55,0.1
43.58,1.05,1.573,-0.606,0.55,0.1
43.6,1.05,1.654,-0.728,0.55,0.1
43.62,1.05,1.731,-0.843,0.55,0.1
43.64,1.05,1.804,-0.953,0.55,0.1
43.66,1.05,1.873,-1.056,0.55,0.1
43.68,1.05,1.937,-1.152,0.55,0.1
43.7,1.05,1.997,-1.241,0.55,0.1
43.72,1.05,2.051,-1.322,0.55,0.1
43.74,1.05,2.1,-1.395,0.55,0.1
43.76,1.05,2.143,-1.458,0.55,0.1
43.78,1.05,2.181,-1.514,0.55,0.1
43.8,1.05,2.214,-1.561,0.55,0.1
43.82,1.05,2.241,-1.599,0.55,0.1
43.84,1.05,2.262,-1.629,0.55,0.1
43.86,1.05,2.277,-1.648,0.55,0.1
43.88,1.05,2.287,-1.66,0.55,0.1
43.9,1.05,2.291,-1.664,0.55,0.1
43.92,1.05,2.29,-1.659,0.55,0.1
43.94,1.05,2.283,-1.645,0.55,0.1
43.96,1.05,2.27,-1.622,0.55,0.1
43.98,1.05,2.252,-1.59,0.55,0.1
44,1.05,2.229,-1.552,0.55,0.1
44.02,1.05,2.199,-1.503,0.55,0.1
44.04,1.05,2.165,-1.447,0.55,0.1
44.06,1.05,2.125,-1.383,0.55,0.1
44.08,1.05,2.08,-1.309,0.55,0.1
44.1,1.05,2.03,-1.229,0.55,0.1
44.12,1.05,1.974,-1.14,0.55,0.1
44.14,1.05,1.915,-1.046,0.55,0.1
44.16,1.05,1.85,-0.943,0.55,0.1
44.18,1.05,1.782,-0.835,0.55,0.1
44.2,1.05,1.71,-0.721,0.55,0.1
44.22,1.05,1.635,-0.603,0.55,0.1
44.24,1.05,1.558,-0.48,0.55,0.1
44.26,1.05,1.478,-0.355,0.55,0.1
44.28,1.05,1.398,-0.227,0.55,0.1
44.3,1.05,1.316,-0.098,0.55,0.1
44.32,1.05,1.235,0.029,0.55,0.1
44.34,1.05,1.155,0.155,0.55,0.1
44.36,1.05,1.077,0.279,0.55,0.1
44.38,1.05,1.002,0.397,0.55,0.1
44.4,1.028,0.928,0.514,0.55,0.1
44.42,0.957,0.857,0.626,0.55,0.1
44.44,0.89,0.79,0.733,0.55,0.1
44.46,0.828,0.728,0.832,0.55,0.1
44.48,0.77,0.67,0.925,0.55,0.1
44.5,0.716,0.616,1.01,0.55,0.1
44.52,0.667,0.567,1.089,0.55,0.1
44.54,0.625,0.525,1.157,0.55,0.1
44.56,0.586,0.486,1.22,0.55,0.1
44.58,0.554,0.454,1.272,0.55,0.1
44.6,0.527,0.427,1.317,0.55,0.1
44.62,0.505,0.405,1.354,0.55,0.1
44.64,0.49,0.39,1.38,0.55,0.1
44.66,0.48,0.38,1.399,0.55,0.1
44.68,0.475,0.375,1.41,0.55,0.1
44.7,0.476,0.376,1.411,0.55,0.1
44.72,0.481,0.381,1.406,0.55,0.1
44.74,0.494,0.394,1.391,0.55,0.1
44.76,0.512,0.412,1.366,0.55,0.1
44.78,0.534,0.434,1.335,0.55,0.1
44.8,0.562,0.462,1.295,0.55,0.1
44.82,0.596,0.496,1.246,0.55,0.1
44.84,0.635,0.535,1.188,0.55,0.1
44.86,0.679,0.579,1.124,0.55,0.1
44.88,0.729,0.629,1.05,0.55,0.1
44.9,0.783,0.683,0.97,0.55,0.1
44.92,0.842,0.742,0.883,0.55,0.1
44.94,0.906,0.806,0.788,0.55,0.1
44.96,0.974,0.874,0.687,0.55,0.1
44.98,1.045,0.945,0.581,0.55,0.1
45,1.05,1.02,0.469,0.55,0.1
45.02,1.05,1.097,0.354,0.55,0.1
45.04,1.05,1.176,0.235,0.55,0.1
45.06,1.05,1.258,0.113,0.55,0.1
45.08,1.05,1.339,-0.009,0.55,0.1
45.1,1.05,1.421,-0.131,0.55,0.1
45.12,1.05,1.503,-0.254,0.55,0.1
45.14,1.05,1.583,-0.374,0.55,0.1
45.16,1.05,1.662,-0.491,0.55,0.1
45.18,1.05,1.739,-0.606,0.55,0.1
45.2,1.05,1.813,-0.716,0.55,0.1
45.22,1.05,1.883,-0.821,0.55,0.1
45.24,1.05,1.95,-0.92,0.55,0.1
45.26,1.05,2.012,-1.013,0.55,0.1
45.28,1.05,2.071,-1.1,0.55,0.1
45.3,1.05,2.125,-1.179,0.55,0.1
45.32,1.05,2.174,-1.25,0.55,0.1
45.34,1.05,2.217,-1.313,0.55,0.1
45.36,1.05,2.254,-1.367,0.55,0.1
45.38,1.05,2.287,-1.414,0.55,0.1
45.4,1.05,2.315,-1.453,0.55,0.1
45.42,1.05,2.336,-1.482,0.55,0.1
45.44,1.05,2.352,-1.503,0.55,0.1
45.46,1.05,2.363,-1.515,0.55,0.1
45.48,1.05,2.367,-1.519,0.55,0.1
45.5,1.05,2.366,-1.514,0.55,0.1
45.52,1.05,2.361,-1.501,0.55,0.1
45.54,1.05,2.35,-1.481,0.55,0.1
45.56,1.05,2.332,-1.449,0.55,0.1
45.58,1.05,2.309,-1.411,0.55,0.1
45.6,1.05,2.282,-1.365,0.55,0.1
45.62,1.05,2.248,-1.309,0.55,0.1
45.64,1.05,2.211,-1.248,0.55,0.1
45.66,1.05,2.167,-1.177,0.55,0.1
45.68,1.05,2.119,-1.1,0.55,0.1
45.7,1.05,2.066,-1.015,0.55,0.1
45.72,1.05,2.01,-0.924,0.55,0.1
45.74,1.05,1.948,-0.826,0.55,0.1
45.76,1.05,1.884,-0.723,0.55,0.1
45.78,1.05,1.816,-0.615,0.55,0.1
45.8,1.05,1.746,-0.503,0.55,0.1
45.82,1.05,1.673,-0.388,0.55,0.1
45.84,1.05,1.598,-0.269,0.55,0.1
45.86,1.05,1.523,-0.151,0.55,0.1
45.88,1.05,1.449,-0.032,0.55,0.1
45.9,1.05,1.375,0.085,0.55,0.1
45.92,1.05,1.302,0.2,0.55,0.1
45.94,1.05,1.231,0.314,0.55,0.1
45.96,1.05,1.162,0.424,0.55,0.1
45.98,1.05,1.096,0.528,0.55,0.1
46,1.05,1.033,0.63,0.55,0.1
46.02,1.05,0.974,0.724,0.55,0.1
46.04,1.018,0.918,0.813,0.55,0.1
46.06,0.967,0.867,0.895,0.55,0.1
46.08,0.921,0.821,0.97,0.55,0.1
46.1,0.88,0.78,1.036,0.55,0.1
46.12,0.844,0.744,1.096,0.55,0.1
46.14,0.812,0.712,1.148,0.55,0.1
46.16,0.786,0.686,1.192,0.55,0.1
46.18,0.765,0.665,1.226,0.55,0.1
46.2,0.751,0.651,1.253,0.55,0.1
46.22,0.742,0.642,1.27,0.55,0.1
46.24,0.737,0.637,1.281,0.55,0.1
46.26,0.738,0.638,1.282,0.55,0.1
46.28,0.745,0.645,1.275,0.55,0.1
46.3,0.758,0.658,1.26,0.55,0.1
46.32,0.776,0.676,1.235,0.55,0.1
46.34,0.798,0.698,1.204,0.55,0.1
46.36,0.827,0.727,1.164,0.55,0.1
46.38,0.86,0.76,1.117,0.55,0.1
46.4,0.898,0.798,1.061,0.55,0.1
46.42,0.943,0.843,0.996,0.55,0.1
46.44,0.99,0.89,0.926,0.55,0.1
46.46,1.044,0.944,0.848,0.55,0.1
46.48,1.05,1.001,0.764,0.55,0.1
46.5,1.05,1.062,0.673,0.55,0.1
46.52,1.05,1.128,0.575,0.55,0.1
46.54,1.05,1.196,0.474,0.55,0.1
46.56,1.05,1.266,0.37,0.55,0.1
46.58,1.05,1.34,0.26,0.55,0.1
46.6,1.05,1.415,0.148,0.55,0.1
46.62,1.05,1.492,0.034,0.55,0.1
46.64,1.05,1.568,-0.079,0.55,0.1
46.66,1.05,1.644,-0.192,0.55,0.1
46.68,1.05,1.72,-0.306,0.55,0.1
46.7,1.05,1.794,-0.416,0.55,0.1
46.72,1.05,1.867,-0.524,0.55,0.1
46.74,1.05,1.936,-0.627,0.55,0.1
46.76,1.05,2.005,-0.728,0.55,0.1
46.78,1.05,2.069,-0.823,0.55,0.1
46.8,1.05,2.129,-0.912,0.55,0.1
46.82,1.05,2.185,-0.994,0.55,0.1
46.84,1.05,2.236,-1.069,0.55,0.1
46.86,1.05,2.283,-1.137,0.55,0.1
46.88,1.05,2.325,-1.198,0.55,0.1
46.9,1.05,2.363,-1.252,0.55,0.1
46.92,1.05,2.393,-1.296,0.55,0.1
46.94,1.05,2.421,-1.334,0.55,0.1
46.96,1.05,2.442,-1.362,0.55,0.1
46.98,1.05,2.458,-1.383,0.55,0.1
47,1.05,2.468,-1.395,0.55,0.1
47.02,1.05,2.473,-1.398,0.55,0.1
47.04,1.05,2.472,-1.393,0.55,0.1
47.06,1.05,2.467,-1.381,0.55,0.1
47.08,1.05,2.456,-1.36,0.55,0.1
47.1,1.05,2.439,-1.33,0.55,0.1
47.12,1.05,2.418,-1.294,0.55,0.1
47.14,1.05,2.391,-1.248,0.55,0.1
47.16,1.05,2.359,-1.196,0.55,0.1
47.18,1.05,2.322,-1.135,0.55,0.1
47.2,1.05,2.28,-1.067,0.55,0.1
47.22,1.05,2.234,-0.992,0.55,0.1
47.24,1.05,2.184,-0.912,0.55,0.1
47.26,1.05,2.13,-0.824,0.55,0.1
47.28,1.05,2.071,-0.73,0.55,0.1
47.3,1.05,2.01,-0.632,0.55,0.1
47.32,1.05,1.947,-0.531,0.55,0.1
47.34,1.05,1.88,-0.425,0.55,0.1
47.36,1.05,1.813,-0.318,0.55,0.1
47.38,1.05,1.744,-0.208,0.55,0.1
47.4,1.05,1.675,-0.098,0.55,0.1
47.42,1.05,1.605,0.013,0.55,0.1
47.44,1.05,1.537,0.122,0.55,0.1
47.46,1.05,1.47,0.228,0.55,0.1
47.48,1.05,1.406,0.331,0.55,0.1
47.5,1.05,1.342,0.432,0.55,0.1
47.52,1.05,1.282,0.528,0.55,0.1
47.54,1.05,1.226,0.619,0.55,0.1
47.56,1.05,1.172,0.705,0.55,0.1
47.58,1.05,1.123,0.785,0.55,0.1
47.6,1.05,1.079,0.856,0.55,0.1
47.62,1.05,1.038,0.923,0.55,0.1
47.64,1.05,1.002,0.982,0.55,0.1
47.66,1.05,0.971,1.033,0.55,0.1
47.68,1.045,0.945,1.076,0.55,0.1
47.7,1.025,0.925,1.111,0.55,0.1
47.72,1.009,0.909,1.139,0.55,0.1
47.74,0.999,0.899,1.158,0.55,0.1
47.76,0.995,0.895,1.169,0.55,0.1
47.78,0.996,0.896,1.171,0.55,0.1
47.8,1.002,0.902,1.165,0.55,0.1
47.82,1.012,0.912,1.153,0.55,0.1
47.84,1.029,0.929,1.13,0.55,0.1
47.86,1.05,0.951,1.101,0.55,0.1
47.88,1.05,0.977,1.064,0.55,0.1
47.9,1.05,1.009,1.019,0.55,0.1
47.92,1.05,1.045,0.966,0.55,0.1
47.94,1.05,1.086,0.907,0.55,0.1
47.96,1.05,1.132,0.841,0.55,0.1
47.98,1.05,1.182,0.767,0.55,0.1
48,1.05,1.237,0.687,0.55,0.1
48.02,1.05,1.295,0.602,0.55,0.1
48.04,1.05,1.356,0.511,0.55,0.1
48.06,1.05,1.421,0.415,0.55,0.1
48.08,1.05,1.487,0.317,0.55,0.1
48.1,1.05,1.556,0.214,0.55,0.1
48.12,1.05,1.627,0.109,0.55,0.1
48.14,1.05,1.698,0.005,0.55,0.1
48.16,1.05,1.769,-0.102,0.55,0.1
48.18,1.05,1.841,-0.208,0.55,0.1
48.2,1.05,1.911,-0.311,0.55,0.1
48.22,1.05,1.98,-0.414,0.55,0.1
48.24,1.05,2.047,-0.514,0.55,0.1
48.26,1.05,2.112,-0.61,0.55,0.1
48.28,1.05,2.175,-0.702,0.55,0.1
48.3,1.05,2.233,-0.788,0.55,0.1
48.32,1.05,2.289,-0.87,0.55,0.1
48.34,1.05,2.341,-0.945,0.55,0.1
48.36,1.05,2.387,-1.013,0.55,0.1
48.38,1.05,2.431,-1.076,0.55,0.1
48.4,1.05,2.469,-1.13,0.55,0.1
48.42,1.05,2.502,-1.177,0.55,0.1
48.44,1.05,2.529,-1.215,0.55,0.1
48.46,1.05,2.552,-1.247,0.55,0.1
48.48,1.05,2.571,-1.271,0.55,0.1
48.5,1.05,2.584,-1.287,0.55,0.1
48.52,1.05,2.591,-1.294,0.55,0.1
48.54,1.05,2.593,-1.294,0.55,0.1
48.56,1.05,2.59,-1.285,0.55,0.1
48.58,1.05,2.581,-1.268,0.55,0.1
48.6,1.05,2.568,-1.243,0.55,0.1
48.62,1.05,2.55,-1.212,0.55,0.1
48.64,1.05,2.527,-1.172,0.55,0.1
48.66,1.05,2.499,-1.124,0.55,0.1
48.68,1.05,2.465,-1.069,0.55,0.1
48.7,1.05,2.428,-1.008,0.55,0.1
48.72,1.05,2.386,-0.939,0.55,0.1
48.74,1.05,2.34,-0.864,0.55,0.1
48.76,1.05,2.29,-0.784,0.55,0.1
48.78,1.05,2.237,-0.699,0.55,0.1
48.8,1.05,2.18,-0.608,0.55,0.1
48.82,1.05,2.12,-0.512,0.55,0.1
48.84,1.05,2.059,-0.414,0.55,0.1
48.86,1.05,1.997,-0.315,0.55,0.1
48.88,1.05,1.933,-0.212,0.55,0.1
48.9,1.05,1.868,-0.109,0.55,0.1
48.92,1.05,1.805,-0.007,0.55,0.1
48.94,1.05,1.74,0.096,0.55,0.1
48.96,1.05,1.678,0.195,0.55,0.1
48.98,1.05,1.618,0.291,0.55,0.1
49,1.05,1.559,0.385,0.55,0.1
49.02,1.05,1.503,0.476,0.55,0.1
49.04,1.05,1.449,0.562,0.55,0.1
49.06,1.05,1.4,0.642,0.55,0.1
49.08,1.05,1.353,0.717,0.55,0.1
49.1,1.05,1.312,0.785,0.55,0.1
49.12,1.05,1.273,0.848,0.55,0.1
49.14,1.05,1.24,0.902,0.55,0.1
49.16,1.05,1.212,0.949,0.55,0.1
49.18,1.05,1.188,0.989,0.55,0.1
49.2,1.05,1.169,1.022,0.55,0.1
49.22,1.05,1.155,1.048,0.55,0.1
49.24,1.05,1.147,1.064,0.55,0.1
49.26,1.05,1.143,1.075,0.55,0.1
49.28,1.05,1.144,1.076,0.55,0.1
49.3,1.05,1.151,1.069,0.55,0.1
49.32,1.05,1.162,1.055,0.55,0.1
49.34,1.05,1.18,1.033,0.55,0.1
49.36,1.05,1.201,1.003,0.55,0.1
49.38,1.05,1.228,0.966,0.55,0.1
49.4,1.05,1.259,0.921,0.55,0.1
49.42,1.05,1.295,0.87,0.55,0.1
49.44,1.05,1.335,0.813,0.55,0.1
49.46,1.05,1.38,0.747,0.55,0.1
49.48,1.05,1.428,0.677,0.55,0.1
49.5,1.05,1.481,0.6,0.55,0.1
49.52,1.05,1.536,0.518,0.55,0.1
49.54,1.05,1.596,0.431,0.55,0.1
49.56,1.05,1.657,0.34,0.55,0.1
49.58,1.05,1.721,0.246,0.55,0.1
49.6,1.05,1.786,0.15,0.55,0.1
49.62,1.05,1.852,0.052,0.55,0.1
49.64,1.05,1.919,-0.048,0.55,0.1
49.66,1.05,1.987,-0.147,0.55,0.1
49.68,1.05,2.053,-0.245,0.55,0.1
49.7,1.05,2.118,-0.341,0.55,0.1
49.72,1.05,2.182,-0.435,0.55,0.1
49.74,1.05,2.244,-0.528,0.55,0.1
49.76,1.05,2.304,-0.615,0.55,0.1
49.78,1.05,2.361,-0.699,0.55,0.1
49.8,1.05,2.414,-0.777,0.55,0.1
49.82,1.05,2.465,-0.85,0.55,0.1
49.84,1.05,2.512,-0.919,0.55,0.1
49.86,1.05,2.554,-0.98,0.55,0.1
49.88,1.05,2.591,-1.032,0.55,0.1
49.9,1.05,2.624,-1.079,0.55,0.1
49.92,1.05,2.652,-1.119,0.55,0.1
49.94,1.05,2.677,-1.152,0.55,0.1
49.96,1.05,2.695,-1.177,0.55,0.1
49.98,1.05,2.709,-1.194,0.55,0.1
50,1.05,2.717,-1.203,0.55,0.1
50.02,1.05,2.721,-1.205,0.55,0
50.04,1.05,2.719,-1.198,0.55,0
50.06,1.05,2.714,-1.186,0.55,0
50.08,1.05,2.702,-1.163,0.55,0
50.1,1.05,2.686,-1.135,0.55,0
50.12,1.05,2.665,-1.098,0.55,0
50.14,1.05,2.639,-1.055,0.55,0
50.16,1.05,2.609,-1.004,0.55,0
50.18,1.05,2.574,-0.946,0.55,0
50.2,1.05,2.535,-0.884,0.55,0
50.22,1.05,2.493,-0.814,0.55,0
50.24,1.05,2.446,-0.739,0.55,0
50.26,1.05,2.397,-0.658,0.55,0
50.28,1.05,2.345,-0.575,0.55,0
50.3,1.05,2.289,-0.486,0.55,0
50.32,1.05,2.233,-0.395,0.55,0
50.34,1.05,2.174,-0.301,0.55,0
50.36,1.05,2.115,-0.206,0.55,0
50.38,1.05,2.055,-0.11,0.55,0
50.4,1.05,1.995,-0.014,0.55,0
50.42,1.05,1.935,0.082,0.55,0
50.44,1.05,1.876,0.176,0.55,0
50.46,1.05,1.821,0.265,0.55,0
50.48,1.05,1.765,0.354,0.55,0
50.5,1.05,1.713,0.438,0.55,0
50.52,1.05,1.664,0.518,0.55,0
50.54,1.05,1.617,0.593,0.55,0
50.56,1.05,1.574,0.663,0.55,0
50.58,1.05,1.535,0.727,0.55,0
50.6,1.05,1.5,0.785,0.55,0
50.62,1.05,1.469,0.836,0.55,0
50.64,1.05,1.443,0.879,0.55,0
50.66,1.05,1.422,0.916,0.55,0
50.68,1.05,1.405,0.945,0.55,0
50.7,1.05,1.393,0.968,0.55,0
50.72,1.05,1.385,0.984,0.55,0
50.74,1.05,1.383,0.991,0.55,0
50.76,1.05,1.385,0.991,0.55,0
50.78,1.05,1.392,0.984,0.55,0
50.8,1.05,1.405,0.968,0.55,0
50.82,1.05,1.422,0.945,0.55,0
50.84,1.05,1.444,0.916,0.55,0
50.86,1.05,1.47,0.879,0.55,0
50.88,1.05,1.502,0.834,0.55,0
50.9,1.05,1.538,0.783,0.55,0
50.92,1.05,1.577,0.727,0.55,0
50.94,1.05,1.62,0.664,0.55,0
50.96,1.05,1.668,0.595,0.55,0
50.98,1.05,1.718,0.521,0.55,0
51,1.05,1.772,0.443,0.55,0
51.02,1.05,1.829,0.359,0.55,0
51.04,1.05,1.887,0.274,0.55,0
51.06,1.05,1.947,0.185,0.55,0
51.08,1.05,2.009,0.094,0.55,0
51.1,1.05,2.072,0.001,0.55,0
51.12,1.05,2.134,-0.091,0.55,0
51.14,1.05,2.197,-0.184,0.55,0
51.16,1.05,2.26,-0.276,0.55,0
51.18,1.05,2.32,-0.365,0.55,0
51.2,1.05,2.38,-0.453,0.55,0
51.22,1.05,2.437,-0.536,0.55,0
51.24,1.05,2.491,-0.617,0.55,0
51.26,1.05,2.544,-0.693,0.55,0
51.28,1.05,2.593,-0.765,0.55,0
51.3,1.05,2.638,-0.83,0.55,0
51.32,1.05,2.68,-0.891,0.55,0
51.34,1.05,2.717,-0.943,0.55,0
51.36,1.05,2.75,-0.99,0.55,0
51.38,1.05,2.78,-1.032,0.55,0
51.4,1.05,2.804,-1.065,0.55,0
51.42,1.05,2.824,-1.091,0.55,0
51.44,1.05,2.839,-1.111,0.55,0
51.46,1.05,2.848,-1.121,0.55,0
51.48,1.05,2.854,-1.126,0.55,0
51.5,1.05,2.854,-1.123,0.55,0
51.52,1.05,2.85,-1.112,0.55,0
51.54,1.05,2.84,-1.093,0.55,0
51.56,1.05,2.827,-1.069,0.55,0
51.58,1.05,2.808,-1.035,0.55,0
51.6,1.05,2.786,-0.997,0.55,0
51.62,1.05,2.759,-0.952,0.55,0
51.64,1.05,2.727,-0.899,0.55,0
51.66,1.05,2.692,-0.842,0.55,0
51.68,1.05,2.653,-0.777,0.55,0
51.7,1.05,2.61,-0.707,0.55,0
51.72,1.05,2.564,-0.632,0.55,0
51.74,1.05,2.516,-0.555,0.55,0
51.76,1.05,2.464,-0.472,0.55,0
51.78,1.05,2.412,-0.388,0.55,0
51.8,1.05,2.358,-0.301,0.55,0
51.82,1.05,2.301,-0.21,0.55,0
51.84,1.05,2.246,-0.121,0.55,0
51.86,1.05,2.189,-0.03,0.55,0
51.88,1.05,2.134,0.059,0.55,0
51.9,1.05,2.08,0.146,0.55,0
51.92,1.05,2.027,0.232,0.55,0
51.94,1.05,1.976,0.314,0.55,0
51.96,1.05,1.927,0.392,0.55,0
51.98,1.05,1.88,0.469,0.55,0
52,1.05,1.835,0.541,0.55,0
52.02,1.05,1.796,0.605,0.55,0
52.04,1.05,1.759,0.666,0.55,0
52.06,1.05,1.726,0.72,0.55,0
52.08,1.05,1.697,0.769,0.55,0
52.1,1.05,1.672,0.811,0.55,0
52.12,1.05,1.652,0.846,0.55,0
52.14,1.05,1.636,0.874,0.55,0
52.16,1.05,1.625,0.895,0.55,0
52.18,1.05,1.618,0.909,0.55,0
52.2,1.05,1.616,0.916,0.55,0
52.22,1.05,1.618,0.916,0.55,0
52.24,1.05,1.627,0.907,0.55,0
52.26,1.05,1.638,0.893,0.55,0
52.28,1.05,1.655,0.87,0.55,0
52.3,1.05,1.676,0.843,0.55,0
52.32,1.05,1.701,0.808,0.55,0
52.34,1.05,1.732,0.764,0.55,0
52.36,1.05,1.765,0.717,0.55,0
52.38,1.05,1.804,0.661,0.55,0
52.4,1.05,1.845,0.602,0.55,0
52.42,1.05,1.891,0.535,0.55,0
52.44,1.05,1.939,0.466,0.55,0
52.46,1.05,1.99,0.39,0.55,0
52.48,1.05,2.043,0.314,0.55,0
52.5,1.05,2.098,0.232,0.55,0
52.52,1.05,2.155,0.148,0.55,0
